360, 9159
4890, 5791
4726, 8081
4691, 7957
3272, 6136
2592, 8196
5234, 7499
0, 7652
4834, 5198
3926, 6660
5078, 8597
2944, 9237
2671, 10000
2419, 5354
0, 10000
1185, 7974
269, 10000
1891, 9749
5111, 9672
1933, 6207
4811, 7277
4551, 10000
684, 6233
4055, 10000
2885, 9431
3617, 8010
4343, 4702
2404, 7755
0, 8718
582, 8996
2058, 5266
1547, 8889
2247, 6827
475, 7431
1306, 4697
0, 6430
2234, 8082
2505, 5108
4158, 7772
1399, 5647
767, 8782
1028, 7897
2702, 7011
3056, 6294
3390, 5159
146, 7311
2388, 5869
4893, 6486
1935, 10000
100, 4646
1863, 7719
1561, 7411
0, 6234
1541, 6343
2324, 4988
2112, 7476
863, 6459
4986, 10000
978, 6885
2056, 7419
275, 9236
3514, 6302
0, 10000
2652, 8561
1455, 7869
1085, 10000
3443, 4762
2573, 10000
521, 5123
2961, 5516
2113, 8143
4725, 9476
3343, 6549
1000, 9923
4298, 8223
5175, 9048
0, 7608
3797, 9779
1481, 8590
495, 6556
4411, 7670
2842, 6182
4051, 6755
3298, 5654
775, 8999
516, 7691
0, 6196
378, 8491
576, 9223
4387, 9182
3493, 6148
4359, 10000
0, 5945
0, 8699
4776, 8423
1562, 4753
3384, 7683
0, 7057
2068, 10000
4963, 4598
4748, 6700
1527, 10000
2195, 7461
995, 9473
4758, 8933
5118, 8277
0, 7369
5294, 7734
4014, 8291
3974, 5456
5392, 10000
3061, 8567
1778, 4660
2599, 10000
0, 8993
5459, 5800
4375, 9411
2604, 8487
4098, 6027
1954, 10000
3145, 9754
5347, 5718
304, 8996
2231, 9235
5491, 7604
2273, 7235
1070, 9055
4556, 5454
5081, 9065
2190, 7946
3340, 5545
528, 6193
2, 7936
3993, 5062
370, 6985
3988, 10000
0, 7854
4634, 4725
5477, 9393
984, 5459
363, 10000
2290, 9048
63, 7567
4616, 5315
3691, 9254
1257, 9142
1178, 9811
2742, 7620
4136, 4516
559, 5743
4779, 6705
1222, 7024
2814, 5569
2657, 7944
5415, 7065
2125, 10000
2229, 5560
1097, 6827
2560, 7920
2193, 4801
4391, 8776
4647, 5106
5239, 7670
3127, 5199
863, 9588
1481, 5639
4950, 4690
1163, 6800
1029, 5480
1538, 7475
5092, 5684
2802, 7827
1737, 7894
5004, 4627
4996, 6565
806, 6316
3529, 10000
2175, 5069
4568, 9942
5364, 6395
782, 7233
209, 8363
5075, 9221
5030, 8514
4244, 7401
3913, 6186
3248, 7509
4853, 4654
4279, 7037
163, 5909
1498, 8557
2945, 5284
3243, 7675
5227, 8841
995, 10000
2804, 10000
3263, 7306
4732, 5037
1353, 10000
5116, 6341
9516, 10000
6955, 4895
5024, 8671
10000, 8860
7450, 7002
8631, 6319
9280, 5217
8615, 7282
6868, 9446
8347, 8077
8995, 9986
7201, 4643
5471, 9480
5666, 7640
9711, 8991
9429, 7438
10000, 10000
7274, 8136
6482, 7722
5353, 5667
8646, 7116
8236, 5562
8269, 6656
5074, 9661
7761, 9805
5648, 7482
6215, 7794
9277, 9229
9433, 5656
8354, 9834
9673, 5232
6991, 8830
7160, 9346
7624, 5453
10000, 7039
7551, 7824
4504, 7801
9722, 6042
9815, 9793
9369, 10000
5376, 5691
5491, 10000
8642, 7493
8864, 7181
8965, 5717
5135, 6040
9725, 7736
6193, 10000
6182, 6886
9252, 8219
4619, 10000
5330, 5888
10000, 6356
8175, 5865
9677, 4999
5869, 6180
5240, 5010
4616, 8812
10000, 5824
7338, 5655
5650, 6327
6431, 7641
5512, 7986
6164, 6310
5581, 7423
9229, 9801
5012, 6714
7349, 8686
9715, 5213
9737, 10000
5059, 8102
8172, 8634
9083, 8022
9492, 8768
7843, 9248
9808, 9349
8570, 5743
9299, 8209
5970, 5581
5080, 10000
6794, 4955
7647, 9424
8749, 5394
6179, 5884
8006, 6458
9592, 7572
7244, 6496
7856, 8785
8545, 5004
5743, 5714
9688, 6031
7618, 7940
9604, 5323
6641, 5428
10000, 9529
9553, 9736
7559, 4633
9048, 6605
9823, 8127
7459, 9280
6765, 6352
6979, 9410
9146, 9768
6135, 8675
9908, 7433
6257, 7784
8952, 8798
6570, 7311
10000, 9848
10000, 10000
7349, 5750
7751, 10000
8230, 10000
6989, 8012
6131, 5756
7316, 7876
5515, 10000
5848, 9762
9111, 7986
7587, 8084
7339, 5896
4835, 8137
10000, 7830
9092, 7203
5395, 4970
8046, 9631
5351, 5853
6187, 7283
6431, 7331
8246, 9563
6927, 4857
6068, 7519
8500, 5167
9552, 8968
7238, 9627
7998, 5645
10000, 9967
9887, 8685
10000, 8219
9787, 7245
8413, 5039
5566, 7279
8880, 9464
6944, 8636
8607, 9335
10000, 8275
7873, 9820
8469, 9524
7046, 7008
5253, 7279
6582, 5424
7274, 7456
7396, 6081
8685, 7824
5275, 8985
6125, 10000
7569, 4755
4917, 9304
4614, 6338
5116, 6444
8474, 4509
7767, 7371
5325, 5297
10000, 9472
6016, 9624
7646, 5515
4912, 6324
5228, 8969
7848, 7636
7308, 6693
5175, 4723
7965, 9858
10000, 10000
7004, 9448
7467, 8658
7286, 9836
5622, 8425
8579, 9284
6071, 10000
9573, 8500
9604, 6133
6643, 6652
6187, 5010
8632, 4884
8351, 4904
7940, 9113
8266, 9071
10000, 6500
6826, 7256
7414, 6168
9468, 10000
10000, 5960
9892, 8136
8452, 7224
5095, 9309
10000, 8678
5228, 9764
5865, 10000
8992, 6548
5198, 8646
6780, 0
2716, 5466
7565, 145
6544, 0
6976, 2428
6583, 5225
3823, 2051
4081, 4542
5419, 5060
3574, 3789
2249, 346
2673, 2262
6533, 5011
4165, 5054
2770, 5264
5962, 5029
6363, 641
3984, 1310
3077, 223
2235, 0
2388, 4127
5037, 3708
6858, 4154
3848, 1548
6719, 4249
4814, 3915
5374, 1073
5278, 1328
3252, 1417
5981, 3734
6673, 1526
4122, 3244
6530, 401
4150, 4285
6859, 1539
3329, 0
3358, 0
4482, 1173
6542, 1719
4017, 1560
3331, 4787
6344, 3213
6261, 1119
3358, 0
7115, 842
6637, 5232
6854, 1876
5177, 2332
4128, 2324
4180, 1494
6892, 2458
2137, 1538
5472, 2990
7449, 3177
4832, 618
5579, 1104
7971, 3527
5031, 0
6164, 1469
4593, 3929
7569, 1408
6300, 0
5818, 3030
6138, 4756
5823, 2135
6042, 1070
3906, 2060
2760, 4915
5445, 2891
2899, 2465
6455, 3143
4947, 5451
3719, 4968
2280, 3350
5266, 372
3887, 752
5266, 5447
2666, 814
6188, 4320
2671, 2398
3969, 0
6156, 2121
5122, 3727
7124, 100
7585, 5368
6699, 565
6777, 1636
5900, 1949
7524, 1843
2523, 1363
4393, 818
5117, 4211
4593, 3097
3968, 3262
7197, 5484
3753, 4642
7932, 4170
4296, 1690
7240, 492
4261, 2212
4286, 1692
7175, 748
6202, 2554
4878, 4098
6143, 3533
5644, 1497
6432, 4416
7145, 3187
7376, 1651
4055, 3518
6720, 2610
7986, 1470
3276, 0
7811, 5265
4766, 2126
2302, 702
2638, 5067
2055, 5242
6821, 5288
2525, 4908
6569, 1535
6123, 0
4125, 754
5287, 422
2364, 0
6621, 1704
7431, 2097
6978, 620
7126, 2568
7122, 450
3646, 1836
2918, 4873
4797, 1743
7870, 2145
3531, 1357
5345, 4112
3906, 5254
5086, 1365
7311, 2412
7750, 4737
6580, 2353
4075, 4410
2713, 5496
3062, 2728
3976, 3219
3296, 2728
7350, 1871
2125, 2391
6632, 3256
5596, 3725
5283, 0
3603, 2174
2066, 1455
2232, 293
4156, 1334
3169, 1616
4158, 5279
6206, 3606
3493, 2825
6718, 5461
6007, 2419
4472, 2097
4660, 2705
7637, 4307
4739, 314
7401, 0
3761, 1849
5514, 0
3975, 1943
4362, 1765
2876, 1688
5812, 2505
5448, 2781
3312, 484
3460, 1139
4709, 327
4324, 2230
3733, 3031
3605, 3951
7622, 4943
4563, 2435
5421, 3376
5517, 5459
4397, 0
7726, 2677
5735, 2556
4870, 103
3160, 2949
6854, 4609
2242, 3646
4590, 3033
3063, 2867
6324, 2868
4595, 3297
2919, 5026
7342, 1292
2005, 2361
2467, 5232
7851, 2976
6170, 2917
