-0.1106
2.0238
-0.1869
1.5314
3.7422
0.1775
0.0045
-0.1081
-0.2512
-0.0005
1.1578
2.2333
-0.2652
-0.1045
-0.2629
3.1575
-0.2103
-0.1553
3.3435
-0.0831
0.5558
3.5054
-0.2236
0.2311
3.1535
-0.1481
0.1024
1.7652
1.0742
-0.1124
-0.2035
-0.0356
-0.2704
-0.0822
-0.2734
2.5336
1.9248
-0.2741
0.3726
-0.2560
-0.1535
-0.2773
0.9808
-0.2714
-0.1371
1.4958
-0.2316
3.1302
-0.1841
1.6842
-0.2171
-0.2101
0.8015
0.1000
-0.2288
-0.0725
-0.1204
1.4109
0.1068
1.2989
3.5509
1.1883
-0.0974
-0.2724
0.5016
-0.2273
3.6317
3.4620
2.6255
-0.0985
2.5648
-0.1466
-0.2723
-0.1263
1.6906
-0.0535
-0.1508
-0.2784
-0.2768
-0.2690
-0.1723
-0.2288
-0.1651
1.9797
2.1686
0.0976
-0.1329
2.0088
2.9645
1.1224
2.2046
3.4112
-0.0909
2.8636
-0.2563
-0.0876
2.1719
1.4780
-0.1584
0.9915
-0.1064
-0.2764
2.3133
-0.2078
0.5510
1.5719
2.3871
1.8535
-0.0750
-0.2205
-0.1259
-0.0987
0.1930
0.6062
2.4506
3.4343
-0.1445
-0.2237
0.9948
-0.1476
-0.2187
0.3865
-0.1755
2.0441
2.7005
-0.0874
0.1475
2.1736
