-3.3895336850083426
2.239350337920917
-0.492726148472852
1.7877214226475298
3.8239160959728213
0.3079669632834694
0.008963709279503185
-3.4235909331219077
-1.8524881591850306
-0.000939993395520311
1.4338399689675239
2.4299122888350038
-0.9524709348116929
-3.472509224752759
-1.6948352055360516
3.2767482217569093
-2.292917171360676
-0.38300830545853515
3.449648157512174
-3.800806179597216
0.8043913397129803
3.601036003309165
-2.1575769678322816
0.3879193538882433
3.27302699909385
-2.9346444339259987
0.1873006453901267
2.0032788728162787
1.3521059270713103
-0.2579771220401543
-2.3612072776176394
-0.07387288727143648
-1.0209224849195282
-0.18079076118729276
-1.0728769137552563
2.703343954474085
2.1491800521560744
-1.4880425822987027
0.5810026611516319
-1.7916076133544392
-0.3772565396287968
-1.1761730724448425
1.259195702238066
-1.0371913360957183
-0.32725617686854847
1.7545929800723323
-0.6960653670893233
3.2513861533147095
-2.556387046378547
1.9289509833061143
-0.6210076508548772
-0.5883714185204614
1.0750389490707102
0.18324960822676228
-0.6809121724844545
-3.9885849554979345
-3.2619012332259834
1.6751551498017019
0.19476477412157767
1.5692837081357514
3.6437465840234076
1.4633108350033401
-3.5749704746163395
-1.529178521089623
0.7407574985869836
-2.1190367419402856
3.719767996289015
3.560385790342351
2.7872070467015098
-0.22140802969278184
2.731813719187178
-2.9511148612166886
-1.5301307416173167
-0.29602884676466346
1.9347776054677341
-0.11339817032882671
-2.904991049620393
-1.2517077623651334
-1.4045906426204562
-1.596648765455682
-2.6759887962737006
-0.680785819413984
-0.4150347399782133
2.1992030065121373
2.371125606260388
0.1791210240128951
-0.3149576306937849
2.225708812351173
3.0983116148218786
1.3993501589343014
2.4038323919877085
3.512890829857483
-3.6747535245065137
3.005373798960666
-1.7874954203909263
-0.19388400460604593
2.3740876554552184
1.7379378582018399
-2.8228194244664557
1.2699860716331637
-3.4459834399213163
-1.1434349731769684
2.5026364013096503
-0.5783613357795954
0.7988355003475709
1.8252902651770704
2.569820866452476
2.0841209598422648
-3.942853797768012
-0.6379453306197194
-0.29491025569482154
-3.5560039750982186
0.33153705676175704
0.8621660115509373
2.627625559969003
3.534474145531588
-2.974817167978137
-2.1565546047182442
1.2732671765644872
-2.9402080894660116
-2.207370904429445
0.5989007007131928
-2.643810211470327
2.257841210590226
2.855805008894081
-3.7306063639772145
0.2611584395493889
2.375610859548515
