0.00000
0.00000
0.00063
0.00000
0.00010
0.00000
0.00000
0.00006
0.00000
0.00000
0.00000
0.00000
0.00000
0.01047
0.00000
0.00000
0.00043
0.07242
0.00019
0.00000
0.11435
0.00000
0.01737
0.00000
0.00000
0.00000
0.00000
0.00882
0.00000
0.00021
0.00052
0.00000
0.00012
0.00000
0.00000
0.00000
0.00101
0.00000
0.00000
0.00022
0.00000
0.00000
0.00623
0.00135
0.00000
0.00018
0.00008
0.02268
0.00220
0.00000
0.12175
0.00000
0.00000
0.00343
0.00000
0.00000
0.00000
0.00083
0.00387
0.00018
0.02280
0.00000
0.00128
0.00025
0.00020
0.00000
0.01292
0.06900
0.00000
0.00078
0.00000
0.00141
0.00059
0.14972
0.00968
0.00000
0.00000
0.00083
0.00000
0.00000
0.00000
0.00000
0.00000
0.00410
0.00000
0.00000
0.00000
0.02137
0.00000
0.00000
0.00012
0.02588
0.00928
0.01897
0.00000
0.00000
0.00000
0.02621
0.08502
0.00000
0.00000
0.00000
0.00000
0.00000
0.00023
0.00000
0.00000
0.00000
0.00000
0.00016
0.07895
0.00118
0.00007
0.00037
0.00094
0.00000
0.03351
0.00495
0.02245
0.00659
0.00000
0.00000
0.00000
0.00048
0.00000
0.00000
0.00000
0.00000
