-2.818675762669402
-5.586413217207969
2.41495156863766
-6.841019413319316
0.5741120689070272
-2.1489773293986314
-7.072017203604691
0.11897173103072411
-7.400069464928242
-1.061669061401826
-6.882313222806097
-6.548591786498159
-1.2076929737197766
5.229633994752609
-6.019168621605671
-4.4281765662877675
2.0389315584894288
7.1633430793120905
1.2336471778799787
-1.6531124055875175
7.620081689486721
-7.2546771101158996
5.735495344778872
-3.36625141869318
-5.6919186662809995
-6.115324190746106
-3.06429081436905
5.058021745920502
-5.108377921217
1.30560261859946
2.222615502818945
-2.0416393163883004
0.763911451352925
-6.99537640042683
-7.0463812805402775
-4.704660594890775
2.8863995709085746
-1.158523109289554
-2.9736452739713357
1.3689898161222196
-0.7490499780675943
-3.2037280501810823
4.710071704359859
3.18391093967314
-4.094455828445554
1.190779364138736
0.4031440609832231
6.0021999291748624
3.6711246310274817
-3.3929957617570157
7.682797559881314
-6.110947547920606
-1.3100348514363649
4.11425487304399
-5.568247445431924
-0.17659039238711038
-7.372683887240997
2.691453704550323
4.23313385940501
1.1684150444381434
6.007644989294212
-2.9800397944304517
3.1247258603785486
1.5099180336802949
1.278323268519875
-0.7007146991773912
5.439484488200662
7.1148975217269985
-0.41442660128568853
2.6264352875947914
-7.0292891584444845
3.2238723408707823
2.3540616724427004
7.889535031466146
5.1507965857554385
-3.4464714864936123
-1.827336920852627
2.698443454147011
-7.638993151110583
-0.6128754192037462
-5.311225937495287
-6.1264672882922895
-7.0567292906990335
4.291727815560332
-5.930556447701052
-4.0381626608493715
-1.7448047498683668
5.9427515860207905
-6.710699180797782
-0.8130015848107046
0.7910385463045984
6.1341412230642
5.108477405371861
5.823751515176243
-3.5452629677776457
-1.3552557246128227
-2.2596613546940034
6.147085235171472
7.32369926342386
-5.585265507342257
-5.180516344154075
-4.288690130887428
-4.266622661106222
-0.2405963145382941
1.4259760597160902
-3.796054091223393
-7.934502345838977
-1.296855981994753
-2.091942833684394
1.0614595793022712
7.249566808401525
3.047898514175646
0.2478629291324541
1.8814839905460428
2.8192013191920218
-7.136113708419357
6.392528160927235
4.479511851297165
5.992210946151625
4.765969939145057
-1.7219374897397017
-1.6163386828756323
-6.343406500634812
2.1486330509713447
-7.004034854100999
-6.9224381465116025
-4.659789032861369
-5.403148995646442
