-0.00094
2.21151
-0.15330
1.72166
3.82376
0.19123
0.00451
-0.00083
-0.05926
-0.00047
1.32491
2.41198
-0.16246
-0.00069
-0.07649
3.27532
-0.02472
-0.13439
3.44890
-0.00018
0.63491
3.60063
-0.03317
0.25251
3.27158
-0.00447
0.10756
1.95816
1.23266
-0.10273
-0.02113
-0.03476
-0.15702
-0.07743
-0.15216
2.69454
2.11543
-0.10196
0.41793
-0.06564
-0.13317
-0.14107
1.12804
-0.15556
-0.12166
1.68490
-0.16933
3.24983
-0.01306
1.87716
-0.16603
-0.16368
0.92309
0.10495
-0.16889
-0.00007
-0.00150
1.59636
0.11242
1.47761
3.64340
1.35818
-0.00046
-0.09672
0.57075
-0.03592
3.71952
3.55990
2.78027
-0.09131
2.72368
-0.00424
-0.09660
-0.11356
1.88353
-0.05158
-0.00489
-0.13208
-0.11270
-0.08828
-0.00950
-0.16889
-0.14073
2.16883
2.35048
0.10229
-0.11855
2.19702
3.09567
1.28597
2.38473
3.51231
-0.00030
3.00180
-0.06608
-0.08204
2.35359
1.66638
-0.00626
1.14016
-0.00076
-0.14476
2.48765
-0.16284
0.62924
1.76322
2.55721
2.04558
-0.00009
-0.16703
-0.11326
-0.00049
0.20883
0.69454
2.61680
3.53394
-0.00394
-0.03324
1.14385
-0.00439
-0.02985
0.43440
-0.01037
2.23111
2.85013
-0.00024
0.15748
2.35518
