-1.3764
0.2737
-0.8017
1.6607
-1.5524
-1.0150
1.7191
0.3795
-1.5243
1.5397
1.6772
-0.0478
-0.2200
-1.1578
-1.3514
-0.4730
-1.4098
1.2270
-0.9780
0.1754
1.7198
-0.1095
-0.2582
-0.2994
0.8738
0.8857
1.0520
-1.6065
1.1831
1.6466
-0.6214
-0.9300
1.5917
-0.5099
0.3714
1.0508
0.6749
0.0101
-0.3857
0.4395
1.6985
-1.2746
0.0446
-0.0115
-0.1986
1.8458
-0.9160
1.0018
1.2972
1.4711
0.0063
-1.2960
-0.0689
0.1137
-1.3145
0.6854
-0.0065
-0.1448
0.2502
-0.8422
0.2425
0.2416
-1.3541
0.0709
-0.4828
0.0385
-0.9707
-0.0835
-0.3360
-0.2115
1.4826
-1.2385
1.3562
0.2928
0.5787
-1.6216
1.0840
1.2143
-0.9054
1.4625
-0.5986
-1.4462
-0.2878
0.7069
-0.3125
-0.2945
-1.6032
-0.8804
0.2533
0.4277
1.3356
-0.4323
-1.0449
0.4788
-1.5653
1.2997
-1.3636
-1.3713
-1.3059
-0.5188
-0.0922
0.2593
-1.2128
0.0972
-1.3881
0.0324
1.0482
-0.9054
-0.1265
1.8626
-0.6457
-0.2061
0.7827
-1.2356
1.9453
-0.6988
0.7770
0.2079
-1.2156
-0.1883
-0.9815
0.5313
0.5466
0.9312
1.5591
1.4347
-1.2045
-0.1157
