-0.835749388
0.073946357
-0.518906236
0.838618159
-0.932798266
-0.636524558
0.870845675
0.132297754
-0.917294860
0.771904707
0.847712636
-0.103305161
-0.198217690
-0.715262294
-0.822016060
-0.337687314
-0.854182541
0.599536061
-0.616138220
0.019745469
0.871211886
-0.137302756
-0.219275475
-0.241981268
0.404828072
0.411358953
0.503036618
-0.962645352
0.575304389
0.830866456
-0.419537961
-0.589648128
0.800592065
-0.358073652
0.127842069
0.502365232
0.295144558
-0.071382821
-0.289590120
0.165379763
0.859492779
-0.779656351
-0.052339256
-0.083285034
-0.186437547
0.940672040
-0.581957459
0.475386858
0.638233542
0.734122753
-0.073458076
-0.791436493
-0.114902198
-0.014252126
-0.801629663
0.300943017
-0.080538332
-0.156773567
0.061006546
-0.541245759
0.056733966
0.056245565
-0.823480964
-0.037873447
-0.343119621
-0.055696309
-0.612109780
-0.122959077
-0.262184501
-0.193517864
0.740470648
-0.759758294
0.670766354
0.084505796
0.242103338
-0.970946372
0.520676255
0.592516899
-0.576097906
0.729361892
-0.406964302
-0.874263763
-0.235633433
0.312784195
-0.249244690
-0.239295661
-0.960814238
-0.562303543
0.062715530
0.158848882
0.659413457
-0.315286696
-0.653004527
0.187047958
-0.939939559
0.639637470
-0.828730106
-0.832941651
-0.796929836
-0.362956643
-0.127780974
0.066011548
-0.745597720
-0.023346663
-0.842219293
-0.059053302
0.500961304
-0.576097906
-0.146702468
0.949949622
-0.432905078
-0.190588117
0.354594588
-0.758171320
0.995544314
-0.462202847
0.351420641
0.037690401
-0.747123599
-0.180761158
-0.618030310
0.215979457
0.224402547
0.436445236
0.782647133
0.714041591
-0.741019964
-0.140720844
