2732
35967
43567
38852
42613
46870
52416
55329
45891
39502
21243
56226
30403
35709
32103
55525
41993
27764
57043
40865
20757
42329
55026
25190
46884
28677
14935
19499
15430
58443
48600
3716
39512
63154
52620
17868
14650
25129
17089
31304
32230
51886
18983
53226
43095
34661
51374
31455
24152
37227
35665
25741
59045
60659
16921
54793
27469
4655
38984
22111
6921
5710
38804
42478
2163
1325
5072
24133
37619
54566
7877
62728
18430
50997
1871
9198
7599
57017
2496
57022
47954
64134
24675
31038
42968
52373
31921
52488
33523
30243
797
34110
49811
51152
3219
44491
15246
7751
24999
47227
56608
41937
16321
38143
52489
9394
19129
35217
53887
61909
41504
49716
55839
34199
49866
6940
18676
27175
57495
31037
60067
17337
31230
12211
11723
50740
43890
48294
