966536
920194
1097622
1158121
1134477
1088980
1030862
1030080
922942
1172334
1017145
1059172
1274975
1029610
1011796
1007254
1035229
1011562
1036645
985307
949561
1029602
1058230
1116006
1120592
1017045
1051642
1006391
1224122
1095731
923949
1116692
882468
899206
988714
1056838
1029175
1006877
948301
914063
834653
1109384
963484
998981
1100694
931882
939662
928922
943820
904916
1036488
762999
875086
1105027
815698
919854
903162
1001597
909007
1054420
1016777
1030007
844223
1001723
1131950
1166229
1153038
1236308
1284054
1244188
1144468
1202484
1012468
1313555
1229359
1085175
1397337
1199745
1129211
1162459
1133251
1042085
1176571
1124655
1237394
1147092
1091747
1250932
1143500
1303806
1161454
1240447
1263197
1049927
1130040
1285310
1034472
949266
1050247
1174635
1099998
1052951
928941
1051923
902327
1124264
1038741
1049735
1261952
1004922
986722
1044284
1014946
1028319
1111273
921668
948854
1152546
956185
1035441
967106
1155055
1002562
1081419
1174481
990047
970324
1106094
1092924
973696
1096358
1257816
1022872
1146801
1061635
1036329
935625
1221445
1164205
1103606
1348481
1096741
1108782
1100587
1092874
1077365
1196343
968550
996952
1164368
987248
1019585
1042644
1229072
1111581
1153116
1263650
1098236
1050905
1158756
1027780
901914
1069352
1130904
1075416
1106405
1018144
980097
950559
1217646
994525
1031938
1214629
962874
966320
980723
1130894
918154
1051508
909100
957226
1094833
892241
1069813
1016613
1146359
935322
1082766
1068904
1016855
946090
1060787
1079900
997389
1137804
1268058
1115896
1158485
1033994
1125533
1061902
1202373
1070737
1111295
1332849
1084346
1091181
1059745
1126001
1019902
1081768
1095225
1062951
1130796
1053885
1215788
1040525
1197266
1054839
1151689
1233805
1130135
1066784
1170034
989921
917720
1036436
1152574
1086193
1074036
1026958
1010493
943031
1176729
1094916
1027343
1250241
1017652
998810
1086276
1009292
921532
1052199
953760
989153
1066181
931586
1092322
1023344
1085369
989848
1091392
1137885
1094222
932191
1084729
975368
910689
947246
1031321
1034621
974549
950037
1009804
917169
1100075
927569
935685
1094524
887253
906054
992978
1017670
923333
1029575
917565
944797
1063353
917124
1038759
897718
1112492
867870
1033375
1078462
928328
950376
983420
977617
929972
951849
1058153
1029124
1000484
962186
949361
915561
1032600
932850
948834
1129785
925253
931041
944298
1030797
944999
987713
922854
982056
1086408
971725
1023257
934517
1039825
947068
975680
1029055
1015280
941769
1089479
904799
844859
931225
1056242
1019986
1063794
954933
928968
826546
1031314
984908
904683
1185375
937294
937763
981378
1068811
975852
1016337
892348
1077970
1039970
1005253
998883
997048
1059915
982043
1009152
1050337
1027491
855104
1016544
932823
779415
828736
1013858
969515
939349
890093
821141
849764
938031
981729
877106
1042076
976241
809714
874962
914991
905595
920732
821061
926686
903851
931082
888536
865332
1028716
959423
920534
1058671
844654
802503
911233
1128317
941193
1047170
1201093
1146214
1198663
1053572
1081202
976264
1180064
1091621
1164088
1258298
1049612
1054885
1090168
1171277
1002463
1085260
1001628
1067562
1181940
1077380
1110329
1081079
1280187
1095585
1102542
1249395
1105196
1054738
1166036
913708
802444
867926
998751
1030299
1026523
877355
888745
829957
1085872
918422
946013
1019841
869912
894870
972840
937022
871241
957135
897198
997540
1023807
912551
985524
926768
964297
831636
918178
1058366
932086
764676
950191
1062436
987199
993720
1196007
1154554
1170942
1039756
1063745
947838
1092113
1064355
1036353
1210222
1085404
1018789
1048674
1042925
978210
1017374
988452
1090510
1018053
1026395
1069273
1031368
1100553
1022248
1116154
1139339
1045602
978753
1116903
922031
840982
966232
1121601
1082898
1062484
954627
929683
859679
1020078
978383
888912
1124620
868327
913904
977205
961524
950522
985294
830574
992263
965501
851705
1037790
864033
1023937
925142
904788
1058831
975764
929580
1076328
1079787
1002673
958185
1221242
1149312
1110871
1113668
1093666
971072
1132902
1091642
993145
1239322
984757
1100193
1029831
1055340
969935
1073881
1011446
979899
1095925
970355
1087937
979481
1108722
973557
1096183
1188635
1009068
985913
1080843
1170852
1093315
1104045
1230312
1240309
1196445
1098544
1028066
980518
1300841
1254217
1108484
1309052
1107542
1047994
1160380
1092524
1047321
1135234
1026225
1197307
1109953
1070391
1224346
1163317
1200238
1006546
1165971
1297911
1084613
1028780
1223865
886280
968099
1087635
1108669
1084944
1059658
1064889
1130097
976623
1118743
988108
990773
1287658
998485
1067717
1031174
1059635
1002582
1090455
952911
988378
1086263
1032706
999394
1120605
1046746
1024630
1086265
1098797
1061828
920942
1158570
965493
918206
942935
1044314
1040296
1050246
955527
957558
901099
1038352
1020917
892432
1107390
858892
894249
935352
959660
955516
1025432
902694
988124
937562
925538
968902
840539
1088005
945574
1068431
1124596
888986
924082
1090954
1111281
973501
1010456
1214410
1098924
1080140
997047
997507
984875
1159530
1050772
1062966
1118901
1024756
986647
1034261
1126235
982121
1047528
950347
1021154
1083915
979101
1070926
1066640
1156127
1019382
1036913
1083594
1064739
958821
1111337
1077749
967839
1035459
1141048
1054662
1103178
1124314
1052617
974824
1222738
1075240
1043708
1245121
1016318
960042
1031715
1053631
924482
1098940
1010695
1056910
1072806
958383
1050574
1004360
1195995
963069
1153902
1153948
938348
1066659
1133545
730995
679810
761594
850012
807044
768993
736926
761176
699066
791000
800834
784382
932133
798872
742400
737853
765684
750053
902544
686628
733831
809896
833074
818011
785178
825919
866780
803417
901557
880769
649963
868166
977772
886123
1068176
1172376
1117872
995926
970517
1042384
960004
1142812
1084278
1033866
1270372
965455
934956
942790
999313
1012548
1012543
1063527
916813
1101431
976694
1106101
1079198
1108761
994068
1036236
1164001
1065982
987899
1137443
992608
970124
1060260
1169929
1215274
1233886
990190
1086157
926552
1253785
1120884
1118805
1275701
1064112
998763
1140600
1095299
1016230
1165188
1024882
1140791
1141262
1028799
1203338
992358
1189829
1113290
1184714
1188669
1052371
1019671
1161025
922921
838778
961635
1008115
983572
1065077
886154
979655
767224
1083979
924646
884293
1083800
895253
893313
836798
907286
928179
916468
848056
873748
931988
927769
983801
952177
961405
904505
851200
1038245
1009311
866213
942321
1095970
945863
1022175
1116286
1106388
1083447
1037967
1021934
923160
1189327
1103949
1001457
1212444
953075
1008127
983238
1035276
939704
1067474
985634
1082247
1050532
960453
1096840
1000164
1153046
985745
1040866
1217552
974620
966383
1132270
1145108
1079335
1239903
1337738
1264862
1203370
1066024
1118533
1030989
1286960
1237148
1191770
1466235
1100872
1126837
1198549
1159679
1128737
1270201
1128607
1074306
1233530
1199143
1323284
1173891
1240961
1159530
1192530
1399967
1196012
1052957
1304241
988823
894446
1018703
1029345
1088460
979616
936860
1005211
931173
1099910
1008866
903598
1125558
876037
884230
910419
973902
972181
1041493
938095
855878
951862
949752
1039173
975960
1046750
966754
904655
1100499
997204
914747
1039639
974273
803525
957257
1028823
1011517
928130
934248
928928
810943
979696
903022
919444
1155411
943960
905336
938786
985880
926235
955056
860267
930822
1012076
980355
958071
974916
1046852
957520
957328
1055215
970711
824026
1056980
1150403
1083570
1196104
1351703
1284482
1243059
1142068
1168333
1075524
1292558
1209750
1176134
1366330
1160598
1139764
1142882
1192257
1154977
1180849
1098055
1161417
1240460
1110001
1220616
1210310
1265503
1210028
1259478
1354638
1125969
1120975
1358752
985350
833161
1030565
1048889
962946
929573
924436
1011327
882074
1114343
931175
990823
1174038
916957
917136
968751
986409
920918
992087
948792
888584
1051759
980414
1034948
924430
1024369
882219
986567
1073521
930793
953319
986401
974486
874355
1063147
1082329
1091087
1018241
962646
997794
854740
1192783
944692
1015341
1178277
965306
912810
924150
984795
884151
983133
884616
933263
1016662
870400
1040790
945708
1067419
965839
991512
1037998
919781
926092
1074529
931979
947929
995714
1058196
1048559
1022316
957284
970511
982112
1182760
1003214
994454
1202024
1021884
929877
1055256
1043918
995559
1057277
1014424
1025362
1133169
1025419
1072031
945805
1069568
918542
1054641
1087780
1002448
905060
1168807
1137497
957575
989602
1068039
1134550
1055369
1139166
1083872
934014
1125376
1016031
972940
1215137
1036030
1027927
948561
1118247
925550
1017185
949906
1071874
1150156
1073942
1058368
1123985
1226682
1044811
1098235
1202113
1011187
975049
1046165
969421
903922
950339
1088971
1035414
1033489
889491
929765
844667
1088767
1025014
993659
1118638
995151
906514
1007110
959277
868223
965840
930809
1014693
992071
965718
1084578
901080
1114219
883842
976311
1102863
951584
838617
987593
929421
855876
913482
975524
1033641
1039797
900265
951889
888298
1058435
871262
828670
1042906
767187
931880
901804
937259
944021
972275
850857
921289
944188
875363
979839
823303
992311
866239
983446
1013527
871525
934466
969770
974260
927455
1012210
1072725
1128313
950855
933324
964832
956929
1093188
1086330
980101
1159971
1057967
941673
987084
1009973
1000329
1061282
950654
1016485
1088425
1073906
1069441
1006665
1085608
1017958
1078936
1178890
1006995
924088
1058009
891732
902597
1014460
1091035
1094159
1066018
916969
1028090
904802
1125466
980422
993392
1101472
954310
948861
942858
931175
923861
996974
839628
968395
1020990
911889
1059696
973775
1108137
931533
1044075
1057514
955442
953752
1028646
1066135
908497
1003643
1072318
1080252
1071088
918113
928685
921687
1117863
1036528
928205
1132588
989455
882337
998642
976957
985593
1023434
925502
1024154
1025673
998675
1078980
957122
1060436
906189
1001628
1174797
952422
923597
939434
1018710
893834
1032267
1110780
1066503
1010889
966600
958492
920683
1066846
990462
1049840
1214497
1010608
954804
930412
1029902
917747
1050125
938398
1043442
1040533
912688
1090852
906562
1063335
959165
1034167
1116743
1009500
880151
1034149
1087308
990703
1045593
1179790
1113697
1137400
1050999
1085294
878555
1292029
1057182
1047994
1244353
1036962
991542
1057884
1084896
942372
1098416
890299
1024158
1090620
986011
1160534
1051802
1179941
1000323
1074191
1117821
1131867
993910
1095691
1002542
885756
998144
1013925
980289
1027707
869516
898380
876625
1116478
942345
940922
1197006
910296
878014
923194
936618
937856
1004523
857669
931421
1013113
919402
980439
954744
1012699
936653
953706
1084886
976224
847739
1043506
1013881
970203
1061447
1121611
1089438
1100712
1048910
1070413
1045036
1032061
1088997
984911
1211503
999951
1031420
1016760
1032364
1068216
1081731
1011168
956228
1094424
1036451
1114663
1003748
1106087
957251
1159700
1190476
1109004
995990
1134007
1079761
1001601
1135075
1078868
1077923
1063787
966464
1097504
956107
1220191
1071674
1017867
1238425
995964
977116
1008833
1060274
1001916
1159012
958979
1038055
1052094
1073117
1218842
1016742
1209887
1077064
1025971
1162955
1069063
1028974
1173657
910775
879435
941999
1027101
996623
874541
895025
944896
801443
1101806
1007441
925774
1127555
886450
929364
916242
978764
835484
1041987
953855
955985
1073030
983686
1025951
974026
995581
923370
996349
1108874
987111
920760
991461
1017343
936984
976374
1079895
993647
1029567
896608
1005610
900948
1086180
912220
1037599
1230394
933560
956805
938857
951271
862553
1031683
948060
939834
1020921
949373
1109015
909820
1118475
955970
928384
1063303
1038836
950701
974297
850430
787029
917431
1078560
1063199
1014075
930444
939045
817854
952211
929506
964029
1016659
908656
890371
970098
932615
884772
1015838
796405
882324
901855
835851
881923
865431
953073
917778
991331
1020732
911880
830519
964341
848690
793570
947132
972965
956739
891512
846190
907165
799618
1023116
879010
881179
1075688
899632
800291
958523
874028
808542
945682
884631
865628
934526
918053
972148
875510
1048886
817598
929559
1034859
874375
831947
937467
1033770
961819
1081475
1248087
1145722
1128042
1072508
1033651
1022362
1150222
1057775
1071994
1310932
998923
934099
1048556
1024987
965380
1121871
1006544
1038425
1003220
938910
1131703
1040636
1111306
1004095
1087147
1211947
1025428
947447
1151551
970884
891683
959502
1016068
980547
990076
955188
939044
795284
1099593
863263
831909
1028036
902291
947813
877147
974477
858963
940719
834884
964922
994681
902049
942844
879911
1065251
939752
946558
1026657
927344
994228
953566
1007440
954392
996207
1114163
1093435
1064375
1013714
1008227
966651
1059778
1051083
1074629
1217661
968548
995533
1034980
1045313
953752
1096924
868622
953422
1036920
943003
1074836
977940
1104140
989761
1144499
1179025
993273
963406
1107372
1066872
1003637
1085972
1277230
1198691
1154775
1060336
1119499
966403
1273819
1166047
1049209
1277503
1065272
1011365
1043809
1136533
1027418
1103863
1025512
1128950
1074035
1129508
1175113
1101478
1231758
1078171
1096534
1246486
1096817
1072657
1136622
797712
803643
878438
1049381
1023993
881368
892990
892651
805409
923406
889172
829047
1055709
879612
852790
949323
868138
844317
891750
801064
889789
972306
848789
878025
868989
904570
928695
970655
960063
896136
849427
938445
934601
848556
953587
1021204
1121912
964374
901419
960942
925645
972248
937962
947921
1115787
945432
940822
992148
1008461
975898
1017345
891811
970435
1012864
956534
979420
924001
1026978
991160
947845
1055171
901630
903083
1004748
1063968
906573
1074133
1133934
1022044
1093146
1030461
1010963
944744
1189993
999711
1045219
1231467
985715
967487
981174
1055559
911277
1072281
1029784
1000521
1076951
1041829
1124387
1015241
1169813
1006807
1067150
1176549
1051958
1008722
1047541
987971
931838
1036878
1125708
1109153
1093009
1055363
963944
975796
1063272
945690
946292
1145447
932765
925399
943231
1038631
999753
1058659
980020
950930
1023793
1079161
1045878
1000260
1004621
990687
1025606
1129908
1115988
949385
1102642
926142
892935
852551
958773
939846
957381
938428
868159
872916
1124837
982258
851500
1105227
896965
859871
860397
958765
905224
972445
861359
952176
996655
826879
915878
862195
994598
864886
983755
967961
882055
922511
1006381
1051059
980450
1082719
1192977
1110732
1098181
996718
1055084
923769
1151306
1046023
1051855
1201728
1006851
1009287
995109
1069591
1025707
1063750
962501
975091
1065141
1027935
1075192
1074927
1115809
1015975
1017941
1229812
1040749
972906
1106286
891308
909788
846502
1002346
1020807
1017286
891662
964298
898964
961012
940589
907061
1115260
960997
940537
952239
1052523
962913
1001135
893559
1022699
1050681
952674
908474
854514
1049473
983822
1113435
1063273
958038
893035
930585
1020283
980375
993543
1159130
1082519
1092784
917442
980298
930905
1156662
1022902
974091
1227758
1001531
978199
909434
1050400
988282
1040801
946301
1048222
1023736
935593
1092859
924794
1158103
918300
1084076
1183892
950367
960609
1035762
1197130
1066198
1205443
1237447
1222974
1339941
1108039
1210121
992627
1343177
1146411
1136341
1303840
1026590
1144309
1091340
1145445
1073110
1228420
1064297
1192720
1190606
1123782
1215128
1038894
1258192
1107383
1107523
1331346
1135903
1107166
1228148
959147
926279
872476
1076881
1033799
1061696
802184
961114
889247
1016469
974930
959213
1103211
903837
890946
900769
922662
896481
917736
976243
1012340
976875
957662
1069026
941648
1110912
1011738
987271
1031253
921836
939004
1009667
1070810
1029571
1082400
1119331
1162475
1113830
1096243
1132470
983638
1263153
1091901
1045606
1255993
1114184
1018722
1034220
1129019
1021574
1107420
963730
1073188
1123459
1092101
1158603
1079297
1184201
1050324
1127525
1238992
1078547
1017224
1071742
1014673
977964
1050573
1129958
1097575
1104116
1026297
1051489
933174
1206663
1015135
1021288
1256197
1011560
1018015
1093505
1065352
961129
1029553
971968
1044459
1115508
1000646
1086104
997682
1190371
1032967
1144349
1139405
942024
980899
1100007
1021122
958564
996762
1114107
1103396
1045148
1037815
1090527
858228
1128670
1006964
1006035
1197363
1069387
1090173
1044219
1058157
963462
971962
978901
1052966
1105623
1038220
1085477
1088762
1104311
1016537
1043256
1148133
1064594
996546
1020858
1028735
997172
969668
1108379
1150309
1165144
1140461
1068057
1086405
1129604
1040184
1031943
1219107
1077217
997753
1028340
1079273
1058156
1102795
1043074
1089894
1169389
968332
1116150
934532
1210544
1019483
1134681
1144785
1029217
968039
1133402
850003
757488
756241
928661
919596
860634
806421
817441
750156
881693
857823
810900
924437
811845
781543
818108
810992
798965
887096
836737
847392
751038
865695
868002
764059
900160
823270
798218
1020611
769562
786895
933152
1059774
969793
1052779
1205418
1185389
1152457
1043395
1106867
918211
1188375
1087770
1103881
1266876
1004550
984434
1015705
1139455
961530
1101758
1033162
1155389
1103927
991317
1144926
1046006
1209493
1058486
1071024
1274689
1052686
998399
1128998
1057983
912860
1102674
1156963
1050347
1055248
1011689
1026279
921367
1151043
1101973
1036112
1221363
1020128
1005154
1013273
976929
949028
1017229
947546
1014004
1082542
1003681
1088559
1064525
1125545
923023
1113243
1173464
1014050
960403
1088983
997288
908781
1073199
1174495
1109480
1009167
982619
966382
962256
1119259
1024281
1040313
1213070
950535
907799
996124
1038165
1015581
1100156
908610
993017
1027940
985337
1123133
1008982
1073357
976884
1060140
1207877
997891
903996
1072802
923760
879121
987308
1055942
942911
1036736
967955
990568
867427
1114798
944418
997664
1156099
1022873
993012
1022062
961042
927066
1022562
895441
940592
1077644
993833
929650
918126
1027680
971072
1092248
1087888
974111
902927
1036698
1039066
869821
987833
1142892
1221440
1097518
926291
984470
959679
1142123
1085709
955952
1168817
1022949
919661
997233
951524
995315
999750
997682
1059552
996075
987025
1150147
963530
1127726
943304
1046791
1162363
954598
914692
1026490
969899
863099
980812
1158298
1088866
1001121
982201
944429
922286
1092804
981208
972827
1160437
1056465
939182
1011392
1103496
1009674
995382
948573
1071354
1127982
987894
958181
999804
1120247
1012629
1096331
1112868
971008
855974
1047303
960764
896035
1029448
1108276
1049695
1080127
956775
964321
920681
1096189
1001365
991182
1127812
934515
873553
1012775
1009493
933231
990675
948063
973205
963743
990875
1093694
942436
1049235
928201
1001098
1150548
1040144
899528
993936
1054612
1022734
1070822
1151872
1093760
994056
1033381
1026826
894371
1159609
1062916
972178
1250736
1042068
1027293
1058833
1105039
1058479
1077159
993843
1037254
1138104
1048704
1098035
1032892
1150863
1016117
1154702
1198778
1057232
1028023
1180871
1087482
1002312
1038430
1249757
1198777
1148919
1102691
1117090
972572
1194747
1142854
1066631
1320849
1067248
1037249
1003603
1145017
1037917
1146249
975720
1056158
1050696
1014374
1106069
1052466
1245340
1150885
1195989
1253275
1056849
1006444
1169514
1003925
989819
1047158
1237433
1191620
1139675
966289
1084825
974466
1145129
1089089
1016981
1179585
1013076
1051052
1061686
1088046
1062205
1043292
1036544
1104081
1107390
1075683
1122094
1073800
1136602
1051815
1137343
1164093
1022921
1064254
1169261
1142294
1037275
1142045
1290809
1369116
1226370
1189807
1182536
1061812
1283439
1222924
1130089
1425463
1156788
1089840
1246306
1223112
1125921
1211829
1108942
1163770
1179293
1118422
1310355
1138403
1277183
1123395
1230202
1352815
1146116
1120250
1256519
883984
879775
815151
905457
991203
1032697
915980
944675
856241
979625
928188
816097
1005121
919990
858183
878675
943236
875748
926068
792311
897174
891648
883934
1030854
819905
1003138
834860
1020502
977973
958956
858180
922219
1042201
876066
965512
1048792
1047377
1002023
913337
976366
841445
1114363
985400
969743
1127998
1058683
964201
996419
1023638
901528
994429
949122
1021483
1051505
1003047
1014595
925609
1124762
925535
997218
1107719
942696
853364
1009355
992004
971783
1028354
1130506
1105187
1038282
1049875
1003204
878042
1204219
985887
972319
1204012
986644
962361
930984
1001972
944703
980543
902476
988768
1010307
881956
1067684
989404
1125877
1010175
1044918
1135405
989622
1004458
1164466
885497
796758
960822
1076061
1070188
1023252
987413
928410
898734
1121182
946136
988584
1146428
965071
859289
893836
946087
908708
916113
894680
945957
1043890
889493
1059175
930846
1088668
882839
999432
1055831
951646
920949
1053839
1035526
933955
1079217
1192343
1148434
1111572
969654
1013827
976091
1196129
1043004
1034359
1258728
1076843
1011038
1037456
1127031
1015151
1089811
1010893
1067384
1128065
1033521
1140148
1069248
1125555
1009788
1038507
1113490
1075330
885239
1062438
973567
851958
1000524
998188
1030473
1057096
951389
933649
753295
1125669
1003221
938515
1139763
928021
880373
954243
908690
880215
952624
856311
974337
954855
928071
1019195
883434
1056118
893809
988600
1096711
960311
973986
1077280
885678
833106
852371
916711
912824
916708
776280
850583
725320
971288
869153
762697
951528
793293
749177
823528
903220
845144
902352
788483
911528
899351
905292
888307
791556
1011719
879307
862761
954324
898296
840815
895721
987813
835975
1007152
1073269
1026198
1041002
936790
1033903
875564
1157638
986474
997341
1234605
949858
947069
936850
934369
882425
975452
986368
1029307
1088384
879593
1096425
951247
1074513
996182
975741
1073424
914521
1026344
994382
880225
780775
812152
1020055
976950
1033174
903717
839547
846148
902621
836482
881665
1045054
885526
880561
921039
902074
949634
965934
812599
908435
981861
854068
918449
859270
965586
935612
953660
994576
867108
797839
868304
1029336
924744
1032955
1109984
1128869
1221821
1078817
1012946
911576
1165437
1056320
969419
1234953
946933
967407
989396
994276
995935
1114426
989511
1080993
1084829
1018954
1101372
899456
1141217
1071978
1055698
1144461
1064991
999654
1146878
945826
957944
1018141
1083372
1040081
1090589
931140
1021092
921900
1179841
1028743
1037008
1260753
1009906
967462
1070491
962816
947368
1029435
1065160
998122
1038495
1090975
1164737
950264
1036187
980193
1068029
1225747
1001511
968892
1087815
1111984
1031004
1139965
1198985
1180888
1183523
1171622
1126859
1057866
1219529
1129005
1055897
1305114
1035328
1076392
1152686
1145629
1098797
1152388
1074302
1102358
1158227
1079337
1210006
1109274
1197170
1062627
1237975
1296380
1056189
1162033
1222505
936565
831402
996450
1078306
1037572
1020073
954133
896273
881342
1066315
978173
928545
1104486
900662
885205
897451
952531
915560
900670
888698
973282
999771
951366
1044864
942680
954312
973794
980728
1106649
1025136
1001617
973266
1014155
866347
925849
1140762
1140344
1115362
924367
964480
841510
1005391
955953
914244
1075443
813808
982204
961207
1082104
976884
1001514
890640
1128154
993791
975350
982084
989094
983334
966649
935575
1110158
967389
908152
1101260
939774
872282
1005305
1145000
1057384
1064092
944494
915754
903748
1132140
1009659
1056988
1186580
1019509
821449
996667
1030950
882188
961809
922739
1025106
969683
843355
1072256
922861
1105781
929993
998468
1072642
970521
877193
1111573
895702
821544
948857
1109974
1019326
978082
962563
937711
898045
1027666
944546
958871
1156259
943305
917238
986675
992323
957048
972476
930778
896140
1078184
970307
944439
1014837
1049359
918278
980153
1009690
969044
870098
1010550
912498
833049
967006
1024809
995639
1036692
1034538
982675
943965
1017552
923602
899279
1152278
966350
964060
914324
970115
879148
904513
918627
908252
1001929
917873
915995
951456
1040514
854235
1085441
1076416
935320
887032
1025511
1024983
999811
1077290
1252783
1179997
1114104
1141763
1079139
960901
1190012
1066128
1041132
1196749
985495
1077829
1038402
1131998
1042373
1110476
867189
1011236
1118341
1016721
1080714
1088035
1057689
1026195
1124029
1161862
1069326
959931
1167765
965825
817364
976564
1047921
970052
909659
854198
900726
792605
1010860
947961
967191
1208240
977814
911571
972943
927515
863735
841648
923621
923204
962282
1003500
1106811
1019157
995010
941901
926326
1121481
953809
841576
1004258
1150405
984125
1194708
1292755
1209677
1148472
1089220
1062749
1002220
1355456
1142512
1172504
1359178
1153136
1022317
1064292
1197593
1025484
1153932
997352
1092434
1148783
1061288
1169560
1175728
1288923
1071537
1134957
1255095
1179299
1022008
1176507
1073845
980265
1111814
1127097
1124580
1114243
1101992
1079504
1003538
1294370
1106015
1091463
1224004
1092379
1004436
1144506
1170740
959748
1130000
960854
1011453
1159068
1058192
1184341
1059161
1282304
1035887
1140665
1165325
1150641
1028690
1098603
935382
792566
935651
1029663
1019736
1064672
1024693
949111
937000
1018628
978971
960864
1176312
939958
821807
974093
1099175
1030728
1070520
966069
968855
1039932
1015556
905890
937332
1040522
1005480
1086894
1226255
1101808
891144
987040
845871
792082
938820
1028908
990603
1027347
809554
833506
865552
985796
975000
892480
1053605
910028
881761
928700
868971
914678
911267
919311
917724
868044
919216
1006812
940036
912744
892030
886728
979954
861813
836395
1008151
1005719
933427
979479
1110066
1046648
1068649
1019734
894856
903101
1139790
1077752
1017112
1212408
1010177
925698
997102
902969
914434
1044435
956309
976451
957744
962783
1085634
959191
1058977
960638
1054343
1162159
977351
942545
1103109
908480
876019
945726
1088722
1030006
1045214
943397
922574
842451
1010116
917926
902936
1127677
876231
919323
977968
894717
861545
991921
901522
926317
917419
934857
1029453
931720
1038293
946625
989910
1026315
981368
934053
1008589
1073419
950371
1105978
1135128
1106124
1135456
1051964
1100402
1061985
1233859
1039102
1149431
1390226
1012529
1039097
1007913
1151652
998044
1157602
1045614
1052882
1169550
1057033
1182433
1142651
1197271
1056530
1065380
1183061
1077853
951697
1175601
819458
711843
815866
926644
881380
826536
776922
811054
778943
903816
868647
815098
982837
846808
838120
721750
796444
746023
760653
781297
820950
830157
757260
848499
828244
908165
730111
866137
967416
775667
688409
809583
982505
975564
1026477
1186050
1147960
1154558
918468
1038864
868877
1142326
1101210
1051056
1295040
1017856
1009770
1026530
1127475
1016281
1077512
1077766
1136623
1059684
1068869
1146743
1020776
1084837
1040244
1060518
1242064
1007372
948291
1140465
953728
900241
919603
932454
968391
943687
854519
964879
893431
1060549
979941
905429
1110108
901383
898136
899688
893370
832848
956180
947980
998691
1009573
968107
1037966
884037
1037681
912644
1019240
1122573
909607
953839
949945
927336
860769
1089427
1129948
1071628
1104769
914962
1100035
869001
1121375
1022079
1049475
1230514
972311
997206
1010004
994982
964716
1058254
973245
924833
1041415
979379
1054987
1049203
1077713
1026192
1005851
1084091
1004395
925595
1158648
919601
876588
844586
972805
926140
987592
904103
862486
889275
948882
885019
895063
1072264
822971
873351
937129
843097
858102
920254
919620
870223
931572
868654
983714
863149
924395
772024
978438
1019548
835047
864876
979650
886530
799207
897311
905018
919809
951926
929219
910357
803410
1022763
881359
785659
985802
956332
922575
888298
927622
883253
935014
818023
889864
914115
933095
943424
862859
998484
909688
896367
941321
903425
835161
952219
1126276
983706
1108069
1280452
1197780
1234744
1016973
1096826
978736
1210328
1138210
1174368
1349241
1012738
1037782
1113890
1045077
978168
1173544
1094722
1139661
1071843
1053734
1290408
1050042
1228257
1118271
1162889
1270219
1065362
1021270
1217899
1027075
896854
960659
1099541
1058103
998248
978781
1024377
920655
1103516
994628
1000967
1255033
1003364
943315
939159
986249
952628
1002085
1008634
905479
1007560
971397
1029025
982965
1144889
994873
1058279
1157432
900033
940955
985749
1097496
965388
1116530
1198868
1136131
1112619
1123655
1062881
998172
1210593
1105355
1098369
1309725
1057569
1066844
1125407
1105725
993951
1175374
1091010
1040240
1130702
1117894
1133067
1049910
1146318
1046466
1159820
1291786
1090497
938961
1173844
982780
956412
998270
1050939
1010943
1046967
1039404
935402
925164
998550
950796
927594
1140613
934052
918677
981763
970010
905855
952263
919949
979136
930808
886844
1022362
949343
964765
870845
1084421
1080446
970810
978483
1016455
1072683
821849
1011668
1123290
1138966
1010952
1012227
985008
966239
1113330
1070319
1000128
1186422
1000807
909694
923376
1128960
908164
1035355
1012405
1012265
1044475
961056
1067106
1076430
1163939
980370
1050336
1155136
975469
870284
1020057
1070480
983533
1082192
1137423
1131552
1023981
958662
1064148
929106
1137619
1114598
1056806
1167894
1063569
1032253
1051694
1035654
972396
1017734
943023
1030989
1060429
1000126
1144743
980146
1107095
988397
1124919
1204100
966072
1008341
1042947
989279
869439
937105
1084724
1096849
1040973
1019536
945638
913827
1133578
990612
940879
1192280
979106
943389
849696
975510
853270
889685
970221
975473
992813
957190
1026069
1023067
1046874
938719
984395
1073384
949530
882821
1036068
993563
925098
1041435
1187734
1175955
1135499
1067350
1035440
875520
1087483
1019066
967252
1134314
926883
977736
1011258
1054969
963742
1020146
912498
982855
993870
948853
979394
915164
1087124
993086
1088701
1149581
992444
974578
1138552
1024768
859453
1054564
1161964
1105467
1138983
1016126
1035735
901508
1120890
1000607
1052960
1222335
977626
1012550
1049967
1137042
989181
1114655
888443
1033493
1060072
946252
948721
963258
1131302
998835
1024014
1159335
1063084
907549
1070320
1129526
971375
1149077
1268284
1162279
1141699
1085270
1154310
977680
1282542
1171444
1144435
1329447
1091959
1083332
1110184
1066490
1024094
1171146
1036352
1077355
1213341
1032082
1214790
1055476
1237501
1117424
1166071
1214741
1080535
1135884
1223676
1028942
943440
1080530
1200384
1146952
1108779
1030450
1108293
1020876
1107494
1108855
1063052
1299165
1032750
1094035
1036306
1066772
1088175
1080193
1032389
1008765
1074185
1019999
1057203
1098585
1096021
1037604
1151075
1242355
1060944
958115
1135259
1041898
890082
1018723
1121374
1169844
1093130
966609
934562
907874
1138743
1114636
989119
1096774
983646
945851
1046862
1033296
974902
1048588
942931
1069106
1015589
993357
1043770
955884
1104852
1036007
1044615
1160102
936912
994941
1123961
1029055
1004225
976177
1118864
1068509
1125860
1080299
1043863
993442
1106984
1009291
986420
1185760
1018267
1003228
1003309
1018220
975562
1048276
995403
1063159
1122248
1073122
1054038
985848
1073118
1022601
1136768
1186211
1018857
1027045
1049957
1046077
981278
1041558
1128169
1018913
1029377
957813
991793
906144
1106000
1080136
1053389
1199187
1036364
940238
984492
1056483
952173
1087610
851702
1026552
1120507
1000625
1086745
1011135
1154324
1020854
1084981
1228531
1067417
977304
1060735
879307
960475
961008
971244
1021378
1009746
872950
1007826
874455
1060959
942111
898433
1109910
904603
934632
938009
961901
929964
1006438
893233
936019
1020821
910148
953589
908168
1022189
903657
999900
1056020
931607
897152
966699
835800
798031
877802
977344
973429
955751
862160
872489
794895
1015277
884324
822084
1029792
785760
826064
861670
894843
872707
948147
822230
895433
967688
819033
870558
832482
1005889
854254
906054
997682
902050
853215
1005625
1004121
948327
982252
1149982
1147566
1037705
1028972
1052361
923607
1096697
1095804
1014027
1172571
1006444
938897
1016529
1015191
965941
1043079
889727
997922
1082603
940814
1076432
985569
1093936
1027143
1093096
1177647
1032614
1051144
1036368
