175
196
25
246
67
211
151
103
92
185
142
23
72
89
110
42
218
136
167
230
68
176
127
135
172
0
75
55
250
6
19
188
44
191
69
56
152
183
181
112
251
189
192
34
56
201
206
38
4
238
137
87
227
195
72
83
176
1
192
144
118
159
93
172
92
252
71
23
10
233
35
192
61
135
151
92
247
224
149
100
163
225
67
123
219
225
19
155
4
19
33
123
30
185
229
73
221
209
127
159
130
83
178
146
21
119
67
203
186
47
16
12
93
107
233
137
76
67
110
142
124
20
53
252
143
59
35
48
4
43
200
218
250
54
43
239
215
205
178
39
131
157
140
204
79
29
136
54
166
117
198
149
44
219
135
209
234
239
197
100
180
233
169
29
26
64
252
190
214
226
12
134
232
162
187
106
110
116
241
93
230
234
17
5
79
49
182
76
105
232
220
182
175
165
201
87
149
4
219
76
233
75
6
120
225
213
85
158
107
220
56
51
247
183
121
140
76
109
164
199
85
186
41
230
143
43
59
82
63
156
144
133
35
77
32
117
215
223
161
45
168
116
219
142
45
105
42
96
34
95
112
183
230
146
9
201
13
85
171
1
31
142
208
48
153
241
238
161
213
211
255
82
64
205
58
10
254
180
250
27
156
8
247
225
100
217
172
254
179
54
42
92
7
241
143
128
210
231
236
176
192
44
9
46
184
226
176
127
171
5
149
144
233
11
106
160
40
36
69
156
107
93
49
61
110
234
180
240
223
135
92
239
58
178
176
78
47
126
190
205
211
105
77
24
67
135
49
234
160
33
75
91
68
230
95
125
251
241
61
94
78
108
171
76
144
113
122
154
224
124
235
97
8
180
94
97
207
150
184
181
34
12
4
44
55
20
43
177
18
184
149
178
121
150
18
197
103
247
5
133
70
223
157
144
170
246
174
68
238
102
205
194
140
54
88
253
91
251
183
16
238
124
133
104
93
73
172
183
39
206
198
190
130
37
86
241
46
9
163
15
148
160
99
149
198
212
128
212
33
21
66
11
47
139
36
200
237
171
253
199
53
7
149
126
19
231
86
45
178
227
126
81
33
8
116
207
202
18
219
187
81
218
103
128
72
141
152
12
177
226
195
124
96
218
81
203
129
37
37
182
240
201
91
211
43
178
84
194
111
136
250
62
84
57
127
176
202
160
254
122
237
66
150
124
195
169
28
181
79
244
173
102
73
105
41
36
168
12
98
164
86
197
59
79
131
165
114
86
174
14
228
147
178
108
37
57
238
87
69
216
11
26
245
34
80
41
83
34
191
242
74
68
195
4
104
135
234
58
112
2
39
184
74
72
93
4
0
180
113
215
20
124
221
121
31
112
49
112
234
150
158
114
64
162
84
79
148
145
138
0
128
226
163
119
118
156
169
35
85
230
173
88
188
214
87
220
243
139
120
11
117
150
156
164
66
93
103
105
54
170
250
136
166
90
145
144
71
118
56
245
4
254
174
67
240
215
174
28
172
36
31
48
40
122
149
187
255
64
28
7
43
90
133
76
65
213
89
180
241
89
246
122
21
102
107
120
165
25
126
68
157
150
32
63
214
226
10
77
163
161
38
103
112
208
196
151
0
82
201
6
145
2
14
174
66
31
136
77
220
169
154
103
18
84
23
183
156
92
123
249
207
45
97
192
1
24
103
58
36
42
47
86
171
129
84
200
87
174
51
125
27
35
206
150
116
89
117
189
183
25
238
30
106
76
185
174
237
87
102
249
248
187
88
86
155
130
50
146
107
229
17
52
209
4
89
221
75
101
254
223
58
3
158
205
197
248
231
62
0
234
108
120
79
188
245
100
44
141
96
116
55
250
224
182
75
235
193
96
231
134
48
131
166
55
222
132
219
104
30
26
46
55
41
54
243
26
91
217
191
194
149
236
212
202
241
97
37
44
177
210
45
81
55
238
17
226
200
118
77
62
47
69
150
40
51
210
65
173
181
32
180
115
199
132
29
76
100
0
229
2
47
85
22
73
222
86
119
181
87
171
52
10
136
75
119
39
56
67
239
115
71
112
16
70
7
77
16
252
2
103
132
194
29
229
77
191
24
192
213
99
107
239
218
221
207
132
149
238
155
172
120
202
155
192
85
25
109
195
5
128
173
17
74
39
151
231
194
211
214
76
52
24
2
199
220
101
71
251
178
188
233
35
96
114
25
169
212
186
51
5
182
124
255
163
79
40
4
155
8
65
20
2
174
235
77
8
149
139
64
10
105
120
113
161
27
31
139
31
228
33
9
221
78
66
73
203
246
249
121
65
226
191
81
133
111
187
166
95
50
142
246
120
209
214
144
112
5
113
167
124
84
124
130
22
132
238
225
103
51
96
216
177
54
138
16
169
224
119
115
43
186
147
18
172
210
185
0
249
12
45
21
16
174
219
188
210
15
106
250
220
147
202
239
245
172
235
89
64
88
32
39
176
206
165
122
39
142
27
179
241
240
2
246
209
184
129
238
66
242
239
30
73
215
240
68
45
44
100
158
80
69
180
167
237
193
218
96
47
250
127
77
203
39
139
97
37
54
88
154
212
160
166
121
51
220
82
112
129
172
74
255
202
48
104
2
31
231
159
177
15
173
249
134
249
84
150
136
145
31
199
42
73
91
101
253
159
58
72
166
177
238
128
31
23
96
7
0
59
158
219
227
250
176
148
192
59
232
246
2
198
162
112
177
77
109
246
28
132
249
190
47
148
145
39
214
82
223
87
14
16
145
135
61
71
242
35
112
192
149
93
158
73
185
45
184
112
137
129
148
16
143
238
106
218
121
35
194
19
69
77
66
224
232
38
31
11
214
63
192
21
255
43
1
142
82
183
163
138
226
122
177
6
10
174
57
154
117
110
142
7
63
221
158
106
173
88
44
200
184
120
217
31
41
106
88
78
57
227
79
10
161
74
127
234
48
219
44
49
29
31
8
254
235
112
249
200
87
255
36
180
62
144
133
223
42
204
236
83
195
76
230
49
61
241
204
181
162
112
197
80
163
68
26
173
17
51
168
85
196
210
225
3
191
78
3
49
134
86
221
183
246
199
65
77
181
83
102
196
57
208
36
75
211
200
63
98
252
79
188
104
154
131
253
153
220
130
161
105
107
222
63
86
25
244
41
86
235
135
24
223
61
74
207
58
239
31
126
153
86
36
86
95
94
196
197
183
156
36
15
208
173
21
2
149
29
4
110
149
60
45
49
71
148
20
212
238
78
66
47
8
71
22
166
13
13
152
14
80
6
156
50
38
62
120
132
47
238
103
56
42
195
211
75
94
164
191
16
125
66
74
8
237
168
130
171
31
69
70
72
224
167
126
147
231
152
171
229
188
85
176
118
52
123
161
221
138
190
186
248
147
89
149
91
212
238
23
3
26
105
22
102
93
26
222
85
201
91
66
103
87
62
118
203
99
238
18
31
224
79
252
108
106
164
30
143
15
139
201
35
144
49
160
140
206
11
191
157
163
210
16
173
149
248
115
89
162
52
202
91
121
181
17
199
22
230
47
252
91
3
205
73
217
14
77
41
200
104
230
212
158
103
20
232
80
224
89
195
213
133
183
225
136
221
13
239
248
238
48
39
235
48
102
29
225
12
57
168
120
139
65
85
219
41
220
97
129
12
217
134
175
99
123
138
54
237
153
125
211
214
209
48
166
182
221
123
96
252
70
121
124
208
184
77
14
1
30
209
226
97
59
115
192
83
106
156
5
148
83
40
193
58
45
79
15
53
81
9
25
33
130
121
38
0
220
64
136
125
134
220
112
92
224
209
213
225
135
132
69
60
47
229
62
30
49
221
116
255
97
126
133
216
61
0
39
144
80
56
76
214
67
84
132
6
165
206
244
134
135
6
47
101
52
161
174
75
24
254
48
186
122
253
143
109
235
207
79
245
65
135
225
249
157
154
27
175
46
180
206
131
155
144
246
187
104
204
80
181
199
240
229
71
240
240
77
75
250
18
9
44
126
9
130
97
68
2
222
216
197
66
49
200
194
152
253
254
216
49
174
166
180
122
202
217
199
151
19
126
130
201
37
43
213
181
175
136
159
125
27
66
85
216
67
54
22
157
41
163
153
158
8
22
247
70
69
189
87
32
171
173
223
60
170
4
250
80
130
69
175
55
150
93
127
152
212
212
48
82
65
78
250
61
123
88
69
105
32
68
148
191
159
176
108
238
32
93
202
251
177
242
180
119
27
151
138
120
119
81
104
85
166
8
10
131
57
30
55
66
246
128
49
165
102
100
213
161
87
5
19
104
2
26
253
5
182
139
61
47
38
97
174
20
131
184
68
61
6
151
207
176
93
164
135
47
230
109
235
134
252
139
126
69
112
216
157
74
61
29
51
242
170
228
113
254
180
182
89
120
202
22
16
208
226
208
76
195
255
50
26
220
189
244
165
217
227
214
136
193
159
41
46
158
220
252
4
99
184
176
91
100
185
177
231
218
137
26
29
242
106
180
147
68
229
92
169
207
92
15
110
24
29
249
1
186
19
105
46
96
241
82
195
160
88
245
227
241
0
249
184
207
24
98
126
202
215
34
20
55
52
67
108
13
90
32
15
235
193
160
129
214
61
129
213
233
228
142
8
92
19
131
73
90
247
151
171
65
47
23
183
219
238
109
120
106
59
210
155
138
159
184
84
3
180
104
39
90
54
96
181
231
118
205
135
26
59
46
189
216
219
48
17
157
157
149
75
226
55
47
198
69
73
120
10
77
54
254
65
163
133
132
139
62
50
48
18
137
132
27
189
176
153
130
103
41
16
59
65
44
98
117
30
197
46
38
218
75
250
67
186
161
186
63
122
216
180
113
242
142
180
177
246
209
32
243
193
164
63
176
152
153
20
244
21
213
117
249
118
14
26
205
117
92
53
128
11
255
177
65
101
136
169
114
99
89
74
88
96
197
202
4
192
210
114
24
249
115
249
102
128
64
61
25
73
112
37
26
172
63
246
51
63
245
253
226
9
147
244
37
16
187
21
94
235
55
69
155
230
183
133
13
131
147
236
9
138
43
230
153
228
199
188
236
2
92
167
248
187
12
144
30
90
178
136
18
98
208
215
151
3
175
213
186
177
92
114
145
177
20
125
249
41
45
133
51
147
224
34
47
250
103
50
237
99
28
78
10
68
199
41
56
125
128
153
66
209
220
92
81
154
25
154
210
103
194
107
128
54
106
50
60
16
255
235
125
54
128
88
82
144
108
128
62
134
249
48
190
30
19
101
7
54
42
252
220
59
219
79
75
95
38
25
163
22
17
131
25
70
134
70
182
76
188
48
93
246
254
112
214
85
182
189
202
202
67
81
228
213
31
57
61
180
114
232
186
25
141
9
16
111
201
211
77
33
222
145
10
21
241
128
136
35
33
182
90
226
105
250
104
101
210
146
19
43
164
88
95
55
64
101
15
230
98
133
168
40
109
29
138
93
164
94
109
158
74
3
173
179
45
154
197
113
81
255
235
62
156
196
29
0
214
238
249
166
81
194
193
168
1
243
101
252
132
227
227
20
223
88
65
235
50
235
199
217
134
46
105
114
4
64
30
114
18
128
203
116
84
167
91
47
225
130
30
62
35
95
68
200
19
129
115
222
68
6
222
71
235
155
218
73
113
92
40
42
166
136
228
74
94
179
21
223
153
69
222
173
235
159
54
220
83
184
162
250
29
60
23
87
23
169
66
82
141
134
136
80
198
123
26
61
88
165
76
111
65
8
136
166
41
197
45
224
152
21
138
96
109
146
102
153
202
253
83
151
70
144
119
8
205
52
135
242
104
81
66
64
5
249
73
36
51
143
161
237
180
174
48
51
249
56
44
236
143
113
146
64
53
199
53
207
186
66
169
1
55
54
148
78
230
77
159
221
90
171
109
67
199
13
124
82
86
226
102
197
114
20
167
195
77
142
147
231
171
237
38
221
122
144
112
7
47
98
123
246
207
160
240
239
105
84
203
185
231
56
224
162
81
196
245
137
174
105
113
142
76
128
245
58
160
102
10
166
190
165
219
118
10
97
91
205
40
137
229
25
30
183
60
115
149
94
26
189
24
171
151
208
5
174
143
96
76
233
73
20
102
47
184
1
188
43
138
77
184
245
56
65
12
10
10
178
177
243
202
251
108
231
169
105
67
107
73
52
248
24
37
206
34
243
31
202
98
238
80
199
99
84
227
125
86
55
64
176
214
121
111
210
50
28
17
127
143
95
35
115
241
91
145
187
9
130
9
194
241
28
70
178
181
168
34
191
193
240
92
108
88
33
107
125
214
175
129
157
42
112
117
185
198
226
162
38
30
183
175
45
153
23
229
231
57
34
8
189
136
114
99
203
180
57
249
43
113
124
55
138
180
21
153
232
183
56
253
173
137
96
75
58
170
166
224
168
74
95
137
202
132
22
212
233
81
88
211
29
49
232
41
252
76
87
44
162
253
40
168
150
134
156
149
121
130
210
191
132
23
8
252
205
29
154
78
44
37
102
155
210
243
200
45
140
82
173
3
211
79
182
180
17
123
64
111
95
71
87
174
218
233
93
235
102
182
99
136
74
147
130
62
114
119
45
18
86
52
172
185
241
96
179
223
228
23
20
25
131
204
195
71
43
219
62
80
203
31
16
38
132
3
218
251
78
52
248
123
147
24
3
76
178
145
70
9
109
27
13
119
166
207
79
226
141
68
43
108
158
209
133
248
140
168
213
168
127
73
158
58
114
131
59
36
247
148
102
165
31
94
140
132
91
4
187
20
249
172
4
179
245
255
102
118
11
43
8
122
3
30
38
199
221
183
209
36
234
82
9
210
128
31
191
97
41
14
52
249
105
197
140
191
74
28
254
160
197
125
164
108
92
97
95
113
18
131
245
208
111
21
169
92
217
67
104
213
134
61
83
57
130
128
80
91
16
100
209
211
6
113
8
31
65
75
19
33
148
215
227
207
29
186
67
46
173
176
157
174
56
126
152
201
169
184
85
59
230
10
54
239
75
177
10
113
250
159
130
4
77
245
174
180
237
88
25
59
134
59
161
125
19
29
81
40
107
129
102
12
255
18
16
61
60
138
244
65
124
28
18
176
67
227
151
41
44
48
25
101
152
176
111
68
65
135
19
155
182
185
9
155
211
136
13
62
208
52
181
142
52
137
142
183
219
155
18
189
112
177
165
215
214
32
226
224
7
43
29
127
47
74
242
243
24
250
184
99
39
254
168
19
139
114
64
229
94
222
203
222
217
32
83
97
52
61
190
6
126
211
177
154
30
0
79
10
21
68
129
236
46
234
138
210
51
186
94
168
39
117
215
249
237
20
32
174
97
220
227
56
134
64
242
10
117
132
12
100
231
132
97
255
59
82
135
12
136
239
140
108
22
127
21
109
171
67
230
159
64
77
86
221
64
169
118
138
181
95
153
105
138
209
204
141
173
205
17
4
9
62
229
165
13
32
152
85
173
232
254
131
81
93
10
201
31
102
46
57
247
89
103
7
248
120
202
145
209
16
76
225
13
150
103
192
214
109
65
172
129
240
90
251
123
169
159
236
240
3
180
140
199
14
175
223
250
39
71
193
217
13
128
92
243
197
103
216
200
86
240
107
232
85
10
110
27
204
147
65
113
55
132
164
31
25
200
131
139
114
64
41
128
85
32
202
175
206
92
178
44
108
135
233
222
157
78
52
123
149
7
104
77
3
188
34
170
118
114
32
172
81
153
2
51
106
179
16
23
41
61
112
38
155
215
66
149
61
151
244
196
113
245
92
184
36
178
6
84
9
248
58
133
36
144
191
249
47
23
94
139
5
107
25
73
131
238
255
122
199
42
142
61
7
5
37
0
248
160
122
10
13
107
115
42
111
92
48
116
170
2
96
12
6
181
33
70
254
239
47
244
103
115
142
207
36
54
152
77
198
40
17
173
19
89
183
250
226
202
221
158
72
86
210
153
177
239
211
48
245
192
36
174
234
95
124
5
47
128
215
57
185
187
40
137
3
58
111
38
228
7
250
132
53
253
169
67
238
50
150
118
125
34
6
129
206
195
116
150
75
152
149
221
114
23
201
238
121
193
135
32
179
167
130
14
106
245
136
56
137
211
192
83
146
143
74
138
196
217
102
198
8
7
142
217
96
36
4
76
61
147
85
44
240
252
99
213
51
148
233
197
237
225
44
61
133
133
175
94
128
138
214
132
30
246
225
46
58
135
217
49
252
32
85
119
17
32
126
66
54
11
183
98
207
49
246
95
213
17
119
253
16
111
37
20
191
74
48
202
198
1
238
49
211
216
86
215
237
52
5
38
143
123
223
83
3
140
111
204
132
107
176
43
212
17
122
71
217
81
43
240
145
210
233
42
154
42
150
12
51
68
209
177
1
63
135
53
61
154
162
64
51
42
210
49
90
218
232
190
117
192
55
192
214
153
178
11
179
249
64
106
188
79
160
102
21
213
154
118
248
214
16
151
116
159
138
247
68
78
99
82
53
133
104
60
35
71
32
189
118
185
182
79
207
191
189
42
53
89
6
110
171
23
235
21
232
35
102
201
109
45
214
14
72
103
16
60
191
118
72
220
53
46
39
204
16
253
173
9
138
253
79
122
25
165
98
13
133
43
46
250
29
11
251
19
216
178
235
166
148
162
93
219
49
91
63
23
209
88
249
170
14
72
232
38
13
194
135
210
115
131
172
65
52
241
167
247
166
248
72
5
243
67
177
238
50
108
243
167
68
4
115
60
151
119
178
16
0
64
149
253
24
114
219
148
26
82
198
35
247
67
7
213
136
21
18
197
173
83
245
88
241
40
204
144
207
76
252
226
135
116
201
30
14
43
5
134
219
253
241
150
9
77
175
168
207
217
133
164
118
55
25
23
78
125
197
138
77
87
225
235
97
56
199
185
86
4
196
212
241
97
166
178
123
64
111
213
216
157
1
226
250
111
229
71
218
209
96
154
37
215
138
185
112
191
163
37
243
87
28
128
66
85
95
145
100
59
88
65
10
177
10
87
71
12
179
202
36
113
35
46
8
165
82
71
144
169
43
161
35
39
37
226
210
204
98
22
200
253
65
222
238
94
69
221
237
175
133
157
141
115
219
36
195
99
148
10
194
216
142
76
106
185
4
201
217
190
130
180
161
169
205
166
237
141
14
25
36
73
169
137
201
69
122
249
151
60
22
66
211
197
167
201
199
230
167
108
53
149
99
61
90
77
195
201
195
170
36
173
163
228
250
29
214
12
42
33
143
150
23
180
189
94
125
60
21
56
86
212
100
227
42
43
161
82
107
100
126
251
149
141
14
171
107
99
2
128
239
10
241
236
126
86
224
175
67
80
222
190
93
61
191
143
152
57
22
24
170
195
44
200
172
45
14
176
237
117
160
108
234
172
205
16
59
17
207
119
135
187
212
100
103
54
186
37
218
83
179
203
93
232
19
218
85
46
237
24
31
138
213
212
229
79
82
209
207
93
247
8
88
91
183
130
56
197
8
184
15
13
230
150
167
60
118
238
48
133
71
30
183
24
18
204
231
142
114
19
129
7
34
199
146
255
65
162
166
234
176
80
83
70
110
149
27
114
172
168
75
7
247
30
6
129
224
210
49
152
43
10
188
105
190
227
71
202
211
15
207
201
164
113
185
58
248
71
225
232
117
154
239
52
116
106
147
100
252
59
239
229
236
149
66
218
46
70
38
101
203
224
11
26
36
23
139
174
103
17
208
48
52
86
220
31
70
21
131
116
130
119
68
216
85
175
148
204
147
248
189
35
74
63
144
233
58
2
195
47
0
59
41
63
210
102
104
210
3
33
60
118
91
135
89
43
44
247
63
85
4
76
226
25
107
233
99
10
88
245
191
141
204
197
221
216
81
187
107
209
158
86
230
61
154
12
127
65
71
101
23
103
221
122
93
71
199
17
100
247
243
11
254
7
229
12
91
170
106
109
16
111
141
133
119
119
154
247
148
96
53
227
56
230
33
81
237
107
178
229
102
104
235
142
100
128
235
249
31
41
85
168
202
189
215
173
48
217
24
242
152
150
149
59
141
133
212
114
235
137
83
74
205
67
74
199
32
201
52
240
3
203
114
13
32
239
139
226
110
81
157
52
27
75
99
106
88
58
49
98
19
218
186
37
78
235
185
215
38
101
147
125
44
7
7
53
198
47
240
234
91
153
130
31
232
211
30
145
12
11
228
56
140
82
51
92
14
65
174
107
208
246
90
15
234
24
43
48
240
18
53
255
209
3
32
194
181
226
242
173
134
174
179
159
192
144
245
176
57
248
13
99
230
157
21
148
183
24
27
200
19
70
79
170
26
169
207
237
161
22
233
178
84
180
127
195
149
234
241
240
184
139
133
74
128
157
111
211
128
167
74
186
21
185
201
66
69
48
203
16
14
79
74
106
55
171
109
29
79
117
20
23
180
37
49
134
120
241
255
76
16
37
167
242
231
1
84
112
207
178
24
222
0
147
233
96
141
224
131
252
227
124
10
186
127
61
17
214
91
12
168
193
111
187
44
88
5
35
173
55
173
137
105
3
33
99
203
23
253
234
68
242
55
43
242
126
127
195
240
146
120
58
195
20
105
23
101
254
209
135
238
253
16
122
56
28
94
7
106
231
145
204
251
207
68
42
101
239
62
10
193
40
188
67
204
214
207
49
232
120
20
78
20
61
40
49
245
100
134
209
90
190
138
195
61
125
118
59
139
80
211
45
247
224
35
126
81
69
171
166
61
195
27
206
56
132
51
126
34
43
202
212
13
178
139
116
213
129
205
59
83
42
14
224
57
237
185
154
25
22
121
9
160
183
140
224
74
191
67
29
141
41
89
185
215
35
54
167
104
116
66
91
243
94
180
155
208
228
159
37
178
37
167
109
180
44
243
77
235
139
135
144
244
70
251
29
140
136
121
134
178
135
36
205
133
222
187
1
116
66
222
32
63
247
38
126
197
61
125
214
85
14
93
202
27
23
242
240
116
245
132
190
57
191
46
176
2
34
136
158
189
233
252
118
110
88
144
18
61
167
238
111
130
114
203
131
8
46
26
179
64
115
118
119
151
169
204
184
10
102
97
231
202
125
143
90
65
207
208
189
94
60
116
123
111
141
108
57
255
118
58
245
116
98
98
97
103
234
222
242
27
162
200
113
69
117
144
253
130
74
100
243
16
96
146
129
163
207
82
205
80
120
223
26
40
232
53
50
143
202
46
9
93
169
209
202
216
237
128
27
180
102
201
110
210
35
108
176
46
249
178
184
67
152
250
83
4
198
200
163
17
181
216
36
91
141
85
167
212
99
233
252
253
42
194
117
180
135
221
217
42
26
253
160
61
120
127
183
237
59
179
103
172
77
91
214
172
16
131
159
36
34
224
159
188
238
226
70
161
125
185
4
17
190
165
124
46
247
213
237
209
142
238
131
12
233
126
115
190
96
134
131
155
14
121
223
5
161
15
107
176
25
18
131
73
210
119
87
103
64
95
137
60
7
132
205
251
220
58
93
40
102
230
204
200
119
22
70
219
140
187
131
22
208
142
254
54
93
17
32
30
0
63
254
242
107
59
23
80
178
99
186
127
69
71
25
61
93
11
102
148
142
106
175
27
208
174
216
151
124
74
23
2
245
152
84
137
226
201
114
232
204
24
192
233
130
202
115
69
81
14
130
93
47
196
237
152
79
15
58
54
43
159
4
59
50
34
152
175
215
101
105
192
205
35
158
163
199
37
134
181
240
162
75
158
226
228
11
119
92
229
42
73
46
173
7
125
123
67
52
94
156
192
94
48
26
237
99
98
216
236
89
210
227
223
103
249
58
182
202
149
52
132
95
19
170
197
101
35
52
158
84
172
35
15
32
198
97
57
206
93
112
33
186
195
234
217
172
97
202
132
126
99
202
229
111
7
170
147
1
239
174
67
241
196
96
181
184
21
121
123
87
134
64
84
61
99
90
209
4
248
93
38
106
52
67
127
124
6
194
99
135
251
13
184
39
231
155
149
226
34
114
59
23
25
66
13
12
133
66
27
91
83
51
12
58
217
223
64
191
168
254
232
20
84
181
155
81
33
238
186
136
93
174
80
207
180
109
93
109
146
136
42
130
177
64
216
196
153
200
89
14
217
171
166
92
106
28
82
122
174
240
33
177
73
136
200
158
214
55
91
204
68
250
245
121
95
158
126
97
66
101
194
156
38
94
159
42
166
122
206
215
234
77
206
202
57
136
188
67
170
72
118
44
173
188
30
153
52
114
47
85
75
218
10
102
18
52
2
51
81
67
233
117
127
131
51
29
223
196
68
73
127
150
81
235
233
178
78
15
39
26
140
140
225
132
191
253
14
14
177
187
8
78
86
43
8
224
109
188
74
177
156
43
47
157
87
14
170
14
98
30
1
23
242
250
239
45
48
205
208
79
140
140
3
58
110
12
43
82
62
216
134
136
67
8
0
104
99
213
16
33
157
100
8
182
157
153
115
237
63
62
172
97
116
211
197
45
14
0
128
76
253
125
35
30
58
120
253
47
27
123
125
90
127
105
229
92
61
241
0
251
75
5
115
164
224
167
231
243
109
84
97
110
134
20
0
251
64
153
249
152
130
224
156
66
79
69
50
55
183
188
34
227
52
193
176
3
97
34
227
99
76
86
21
153
57
63
107
134
31
9
129
223
11
67
3
52
68
7
215
205
225
100
46
196
251
157
66
52
190
28
250
235
254
211
219
168
150
144
12
20
78
173
146
41
14
50
173
161
77
179
76
36
203
169
15
253
58
164
242
55
67
37
240
33
101
157
67
26
84
213
74
99
198
47
22
72
191
80
181
180
102
231
86
220
195
157
84
255
216
223
163
20
23
101
217
183
165
189
88
25
106
90
203
206
0
87
101
215
134
243
4
134
168
229
117
15
165
53
68
226
17
59
45
16
133
214
223
35
240
24
181
220
167
217
219
25
11
192
141
61
191
225
136
123
192
158
64
19
59
46
125
23
225
240
52
167
237
20
142
90
2
215
240
26
249
144
183
216
30
23
47
87
248
205
81
15
159
182
179
206
222
247
50
60
37
77
191
200
118
217
221
73
130
136
135
167
107
138
212
116
190
58
216
180
83
52
243
179
123
23
39
81
145
158
80
26
187
237
109
160
172
230
15
128
232
201
146
238
158
183
118
205
94
199
145
3
185
65
226
206
130
5
38
187
129
35
28
1
15
43
16
50
190
121
146
149
87
122
201
98
74
36
198
9
163
12
226
6
165
136
74
222
161
66
213
241
24
116
1
220
98
42
220
113
247
244
84
76
96
212
83
85
187
249
164
173
19
13
126
110
84
247
55
82
246
198
18
6
241
201
18
1
44
165
171
116
149
8
15
146
23
52
38
69
87
205
170
74
238
54
24
15
102
22
71
51
145
186
222
162
51
61
233
183
22
131
150
42
204
189
58
175
208
95
140
150
238
228
156
195
254
218
50
48
230
199
13
63
117
20
36
102
184
83
70
228
190
210
28
196
159
79
0
76
20
232
123
150
212
215
101
222
242
232
242
6
140
126
120
192
148
13
249
30
212
62
70
8
123
105
12
174
131
36
169
25
90
52
244
89
28
227
149
57
30
189
87
170
197
148
202
4
37
195
68
86
164
157
97
249
17
198
105
208
149
240
83
215
9
205
84
139
9
96
191
96
190
163
218
79
17
238
43
154
8
160
28
241
93
76
138
74
173
76
77
105
32
124
187
81
234
24
150
4
60
66
80
76
199
188
60
122
70
176
119
34
136
225
150
248
8
61
226
88
8
131
13
87
60
126
37
235
106
66
232
239
158
138
147
189
242
106
118
64
184
78
237
98
176
152
44
183
121
56
129
21
120
173
29
196
3
79
232
174
129
37
135
71
192
17
37
75
230
43
22
80
141
61
229
158
196
164
67
57
2
112
204
64
168
121
99
249
98
104
246
72
176
244
12
196
123
76
183
9
101
71
79
168
214
22
169
243
44
115
96
42
141
38
148
162
64
51
21
253
239
95
227
113
201
233
79
159
32
243
199
95
234
196
86
87
200
14
109
223
3
191
213
101
93
0
16
238
145
75
116
78
90
147
219
23
231
17
84
235
87
117
214
202
48
132
156
30
7
1
21
107
33
115
116
172
68
16
87
100
9
209
37
254
157
236
17
182
63
225
123
156
204
44
48
163
76
176
88
100
137
251
202
200
50
0
86
254
231
216
97
143
239
45
158
229
139
70
167
21
168
209
143
172
128
135
76
225
173
240
108
240
48
111
155
122
30
179
204
205
61
94
81
120
113
72
190
141
21
37
28
104
132
68
242
157
192
224
222
116
244
130
34
205
213
183
251
111
6
96
70
59
10
255
150
255
239
112
100
90
167
175
128
75
222
80
247
230
123
34
226
247
52
186
173
36
100
200
247
183
122
222
55
22
232
151
27
77
175
247
97
178
62
94
54
5
44
150
149
192
36
227
166
181
154
175
34
50
231
22
121
140
235
29
44
251
242
60
178
51
91
115
178
4
212
148
138
133
43
162
7
242
48
208
217
142
183
1
255
103
0
106
46
51
159
233
27
222
156
102
132
46
210
208
93
105
18
5
163
24
117
149
37
6
240
220
140
211
16
59
74
207
221
44
95
67
33
219
65
11
5
113
6
253
67
119
119
136
240
128
133
149
85
72
68
92
237
89
33
253
70
126
143
7
29
160
162
246
85
77
96
114
23
189
230
121
179
70
40
109
157
43
45
100
105
105
165
232
137
57
119
4
126
32
222
10
173
169
27
91
252
8
201
137
224
10
22
209
172
9
119
170
109
121
198
135
156
229
137
45
196
169
233
82
93
105
74
19
226
172
166
203
76
115
59
238
188
43
43
157
254
170
89
60
26
38
118
178
121
141
135
133
63
82
143
53
198
47
169
181
11
231
158
56
189
95
26
78
103
44
176
155
245
101
85
34
116
66
139
131
232
24
83
111
159
73
166
38
38
48
36
50
80
120
117
186
125
172
14
245
188
173
45
124
179
226
170
116
94
165
48
175
251
17
230
81
7
44
69
72
237
8
87
163
247
246
11
115
132
177
50
84
151
165
248
244
117
93
153
163
176
27
218
147
85
243
97
75
141
42
33
157
98
224
206
10
46
61
222
120
87
220
57
55
175
132
246
47
159
140
186
232
229
230
227
28
25
24
180
107
238
166
209
169
251
206
7
72
4
171
105
213
110
178
107
219
7
24
31
103
106
22
191
139
63
115
36
44
41
58
71
136
6
58
71
4
230
235
82
25
0
53
75
236
82
56
186
9
31
205
29
84
18
149
33
128
68
104
127
22
15
229
238
223
229
81
5
76
254
106
84
160
101
40
33
167
202
117
142
64
165
124
175
198
111
252
165
236
251
58
161
70
249
47
60
185
29
183
172
117
117
115
172
50
159
198
48
42
195
10
162
71
31
191
223
60
68
59
165
88
246
22
25
182
150
250
149
96
179
55
70
114
49
15
126
221
200
191
91
19
187
57
160
240
74
42
118
14
14
32
139
3
13
237
133
66
28
36
233
193
128
199
134
208
15
95
82
36
113
160
191
109
152
66
43
100
99
184
104
219
40
193
182
210
202
111
130
72
48
41
2
166
244
51
131
250
199
67
186
118
31
162
5
228
250
235
55
35
171
254
40
220
54
114
239
205
158
15
204
97
220
146
95
29
248
49
5
114
16
173
204
174
116
182
167
178
5
99
34
191
126
120
166
48
69
211
74
158
202
188
126
170
95
10
112
163
152
243
25
82
53
113
72
181
57
16
30
22
22
155
146
22
193
134
208
49
109
171
26
1
41
98
207
224
117
87
67
121
40
11
209
192
27
119
156
6
163
124
230
223
110
50
17
99
66
202
227
12
252
67
123
156
138
30
140
135
180
60
237
109
79
86
79
80
132
88
45
16
42
251
219
55
30
168
12
199
15
140
110
240
81
30
124
90
34
14
216
131
81
16
24
13
222
2
64
248
130
234
128
171
138
174
52
148
45
193
42
93
175
175
214
212
57
204
179
2
187
52
72
36
61
102
154
224
0
127
132
220
52
46
7
59
155
17
11
170
221
29
81
31
249
181
12
202
183
193
122
61
231
130
143
182
238
116
243
102
27
197
204
240
181
162
30
179
116
28
83
129
249
110
152
158
88
113
26
110
235
53
240
81
210
254
64
134
4
241
216
55
195
61
55
60
31
181
246
233
143
198
58
198
4
198
181
48
133
30
28
246
238
147
103
4
211
196
49
85
93
253
133
157
97
38
194
154
60
181
243
124
68
227
166
14
68
9
31
234
76
250
118
21
209
34
56
17
32
148
242
227
83
178
219
87
85
43
80
239
208
171
32
75
39
213
85
16
59
164
230
207
228
142
40
240
213
250
111
52
44
156
207
192
173
238
162
231
73
251
227
67
56
203
178
59
126
4
34
115
96
3
50
227
224
185
210
34
191
167
128
6
103
176
123
242
32
82
11
205
197
205
222
114
96
205
80
81
216
21
127
3
192
34
185
41
119
116
252
35
6
31
2
88
17
90
190
5
198
193
93
73
237
47
172
93
147
100
211
238
240
15
241
236
124
35
55
229
71
16
245
21
62
220
225
154
39
77
103
71
222
230
111
15
161
227
37
93
128
66
184
50
131
232
120
167
120
24
223
115
105
145
213
170
83
52
134
157
248
14
13
62
119
138
57
91
143
28
237
220
108
111
91
142
2
42
23
218
119
225
108
80
164
124
128
58
189
0
92
234
43
149
205
130
87
65
51
237
249
50
113
214
223
165
238
157
33
114
174
126
150
209
93
4
174
113
75
135
183
1
129
227
105
159
46
220
203
46
184
105
53
43
128
188
43
163
226
226
177
46
85
228
243
44
105
71
107
181
100
234
19
86
193
140
20
90
39
59
7
212
179
90
155
48
152
160
50
254
232
55
83
243
75
104
44
139
232
211
142
158
38
209
46
45
52
214
131
50
172
162
66
189
26
173
129
179
153
18
172
14
143
72
144
31
204
229
32
76
163
167
155
255
150
25
19
63
79
188
53
193
113
127
0
157
165
141
137
81
218
121
195
33
63
231
62
126
203
213
238
238
4
83
210
109
32
37
85
79
78
110
108
136
94
22
93
168
167
66
47
224
81
195
209
187
201
228
143
61
31
252
141
118
79
175
29
154
16
174
10
52
254
75
14
193
134
123
248
251
50
3
70
251
152
41
245
112
6
226
188
17
217
210
50
86
90
219
230
167
42
1
88
228
233
16
200
66
20
152
135
122
210
170
174
22
115
15
235
213
132
79
34
22
138
57
16
230
118
48
173
187
216
78
19
96
130
88
242
5
88
199
236
138
7
16
205
159
186
37
151
116
188
231
236
62
162
47
211
153
78
29
138
166
32
198
237
159
124
252
130
106
116
253
79
44
197
103
211
93
107
47
67
237
161
168
62
162
246
74
228
184
172
100
118
208
97
152
210
87
192
251
112
99
183
223
83
181
18
187
31
55
42
249
58
169
137
107
50
221
74
105
229
167
48
214
112
53
212
45
91
58
213
177
210
153
96
219
42
139
157
166
67
111
169
11
209
201
161
165
97
38
125
170
69
30
42
204
102
118
249
104
173
187
40
84
108
199
153
124
107
146
207
38
166
4
121
118
219
158
240
114
172
149
252
80
182
60
110
9
192
29
50
145
202
145
26
8
132
67
23
25
11
105
202
134
128
107
21
183
118
168
142
167
82
64
73
192
106
188
232
119
44
220
255
186
243
75
101
134
92
44
12
255
228
188
41
205
233
71
242
198
131
25
154
125
146
92
38
61
178
138
69
97
67
99
113
164
46
60
96
59
12
217
166
252
124
47
6
205
225
212
214
118
3
67
184
144
242
92
150
0
199
140
137
89
153
182
50
164
186
206
239
228
74
111
190
183
141
142
124
108
152
93
127
116
173
49
63
8
231
225
35
136
64
128
176
98
21
80
195
209
97
225
43
135
199
249
25
201
137
145
144
233
76
24
186
62
162
82
143
85
140
216
234
3
163
71
242
79
62
38
106
116
32
204
120
230
9
134
14
120
169
230
22
250
243
157
234
5
25
185
149
165
38
160
5
104
175
204
87
50
67
176
232
157
100
125
174
41
154
220
4
122
148
255
188
197
52
136
0
185
31
188
186
50
172
198
137
33
230
4
23
241
30
223
236
241
20
167
64
40
57
157
135
26
209
73
170
185
76
225
16
2
110
45
62
24
25
77
1
168
205
235
146
179
82
83
34
53
100
127
252
109
174
152
66
92
16
9
200
33
119
156
60
12
139
112
77
78
118
190
173
71
157
189
214
147
94
102
50
198
86
68
109
21
23
234
61
28
229
76
80
96
98
238
200
39
216
72
88
75
14
55
146
98
125
20
88
55
92
208
214
6
90
75
52
59
243
214
210
159
65
136
185
145
13
59
137
81
158
1
168
206
85
204
140
169
201
4
92
67
114
31
48
157
42
190
49
233
83
164
249
210
202
131
96
232
37
99
105
163
73
93
133
192
233
197
