99
73
231
166
253
39
233
143
138
134
152
80
15
219
167
97
234
174
21
44
100
221
234
141
191
234
137
65
72
188
162
105
115
132
236
166
163
123
75
180
23
250
181
187
209
136
37
4
129
202
91
85
37
200
193
30
221
148
230
182
253
245
40
235
129
138
121
91
169
174
113
223
14
40
246
166
41
58
173
97
118
127
134
97
191
93
159
86
202
149
223
209
223
45
200
253
87
19
203
145
201
239
130
248
105
36
37
29
113
77
175
89
47
242
144
135
9
6
197
193
37
87
94
99
234
83
129
191
208
215
3
22
247
36
231
28
176
194
249
45
255
211
42
150
106
31
53
239
204
88
147
186
231
164
18
136
195
2
1
154
51
39
226
58
23
98
254
115
117
164
44
73
249
196
161
6
136
79
80
85
76
54
34
113
175
122
69
240
216
206
107
56
220
96
94
219
101
149
124
45
104
235
41
216
226
114
84
240
148
112
177
103
80
80
48
154
23
182
76
104
243
2
192
132
226
139
88
58
189
255
186
209
41
249
168
63
46
17
136
34
179
29
68
81
163
155
39
120
191
213
76
11
16
179
222
91
207
198
203
16
133
130
173
220
192
210
90
52
220
104
104
72
253
166
250
58
11
224
58
145
154
181
15
160
227
209
63
62
15
38
203
140
71
109
124
79
8
235
48
142
170
192
157
137
68
21
96
104
193
214
148
180
218
241
226
62
44
13
38
96
214
54
54
203
73
80
109
6
14
193
212
209
140
70
55
172
14
87
170
12
99
23
16
177
60
211
83
35
197
109
179
148
65
71
124
218
29
159
16
94
48
51
114
117
174
8
27
209
88
32
215
149
188
184
141
163
28
177
2
203
121
165
60
156
15
24
179
140
91
69
9
224
146
75
84
139
129
44
123
78
203
198
177
164
74
250
17
6
115
186
77
68
193
73
31
78
61
85
201
249
123
20
20
4
137
206
251
170
212
230
126
73
247
200
98
111
123
216
159
122
227
46
98
151
25
95
61
232
32
7
17
192
250
191
60
60
35
132
251
119
178
178
30
119
245
163
126
76
104
0
55
201
168
123
188
34
96
212
82
28
136
230
72
112
4
19
2
121
152
234
236
126
56
132
12
167
9
183
132
56
90
204
166
122
86
176
89
255
108
7
243
38
86
91
15
110
25
24
212
37
83
136
105
186
245
119
127
141
5
116
168
179
36
222
186
246
99
38
87
68
130
211
145
210
115
74
12
182
182
161
139
148
211
19
102
147
56
172
242
230
30
242
130
22
46
208
198
19
109
31
35
162
112
145
13
122
81
123
223
75
7
231
15
232
29
207
17
132
159
52
206
162
182
51
126
149
75
0
182
199
20
149
13
136
83
79
115
17
81
166
166
62
215
85
238
197
239
165
50
227
128
107
12
3
157
22
237
12
14
58
89
192
167
57
74
114
126
173
72
3
61
18
236
68
157
47
41
129
64
245
139
242
210
193
157
248
69
6
142
78
53
241
33
139
43
210
75
239
123
80
188
134
209
126
199
246
109
56
72
59
126
206
48
215
148
191
187
55
192
131
35
208
13
244
195
58
230
115
196
54
220
216
85
69
233
89
181
171
7
102
186
106
108
184
63
49
167
219
79
29
106
40
44
174
33
24
50
148
85
217
88
63
92
120
253
167
0
127
76
48
240
243
61
115
1
224
102
21
184
10
29
172
18
97
72
255
164
142
193
147
25
12
12
30
136
179
4
246
231
78
16
159
20
46
248
184
78
49
93
127
30
127
113
177
209
32
89
188
171
232
229
158
177
218
71
168
241
235
138
47
223
114
73
77
194
242
59
76
213
18
160
140
60
201
58
177
252
201
77
149
217
12
171
198
101
241
150
159
143
27
85
217
235
22
156
176
23
248
249
123
58
175
185
5
117
28
142
39
127
186
89
100
195
42
73
40
60
229
102
40
221
54
250
216
168
188
211
183
50
28
96
216
85
223
206
193
241
245
204
228
97
38
143
157
25
148
51
201
57
237
26
59
93
196
20
238
64
39
223
14
74
116
216
155
155
121
126
202
232
238
55
236
235
176
7
253
181
230
202
7
228
55
135
125
212
146
175
121
85
125
138
192
142
0
115
244
72
114
29
23
60
188
149
130
28
156
210
31
29
146
134
7
152
139
166
237
116
83
129
33
80
247
86
171
196
138
238
90
41
182
196
27
7
167
207
47
102
62
51
46
218
115
85
58
40
50
78
167
75
4
170
224
42
221
78
153
156
113
70
211
129
187
185
171
218
169
162
165
169
165
253
210
5
162
200
153
153
178
217
78
239
227
213
145
70
162
171
37
0
239
196
209
169
208
28
159
222
27
114
103
16
47
150
23
117
165
9
141
126
184
111
188
19
153
206
214
104
134
240
253
241
221
154
80
191
209
244
163
80
103
157
242
18
43
29
232
51
72
21
246
188
15
0
208
122
175
125
198
19
239
191
165
145
4
199
175
193
126
28
62
144
47
58
41
181
27
154
202
195
116
28
205
26
104
133
203
206
124
184
171
167
18
116
36
146
144
226
30
119
238
17
150
145
74
92
208
173
56
243
55
110
254
169
36
224
62
91
31
26
223
14
148
151
78
19
173
233
218
27
90
188
233
44
247
17
188
24
27
239
95
1
60
254
189
7
192
143
192
108
59
2
175
80
46
55
57
148
213
91
180
94
72
75
85
53
18
249
63
101
74
72
179
94
81
15
51
103
19
226
46
248
182
45
225
106
164
22
129
3
26
191
129
228
120
165
90
81
37
216
255
63
174
240
165
222
70
90
147
111
91
13
203
251
219
64
238
38
74
230
239
45
67
208
200
168
237
166
212
191
30
140
107
252
54
165
112
209
226
207
214
163
83
31
238
153
226
110
48
241
47
60
142
80
105
137
93
22
146
105
80
167
178
157
137
219
155
232
232
108
255
226
121
213
46
242
11
222
129
118
144
16
251
143
185
72
27
76
152
153
176
66
242
235
28
130
151
192
178
61
94
153
18
252
187
197
187
88
95
182
93
146
246
168
14
37
14
163
98
41
186
145
7
251
119
178
51
125
23
1
45
17
234
214
255
11
37
160
105
83
73
163
213
136
99
95
237
170
208
63
27
61
203
4
90
147
45
181
159
79
173
98
198
52
141
132
34
185
44
188
186
58
140
128
128
182
230
123
55
186
109
133
157
54
248
105
54
116
94
103
230
132
33
6
20
109
8
213
162
137
80
109
205
74
169
184
165
170
123
138
56
39
103
147
253
130
122
115
245
115
148
227
225
253
84
59
201
102
31
65
57
76
157
53
251
191
177
160
208
194
148
226
187
59
178
160
164
153
240
24
168
119
216
3
102
218
29
224
166
93
205
194
82
239
97
217
247
237
12
241
25
90
43
105
230
132
96
144
152
160
18
154
183
177
65
37
77
191
0
172
52
128
20
5
248
57
166
140
216
224
211
213
1
29
115
177
255
184
30
13
223
99
254
215
115
240
107
97
226
243
172
172
21
151
148
134
188
172
237
39
4
18
208
151
205
104
13
67
28
242
106
223
210
248
201
136
228
70
101
254
200
91
76
221
175
95
109
91
69
5
71
28
119
154
10
133
52
255
31
113
162
16
183
18
166
194
190
219
13
35
0
0
8
89
50
107
253
177
237
148
43
231
249
38
19
6
194
111
190
3
47
244
246
206
209
9
120
160
250
238
40
133
19
132
46
238
172
247
162
165
233
137
14
86
2
57
140
3
41
158
240
241
88
117
99
114
165
18
124
209
169
54
108
196
112
88
180
183
163
90
156
34
87
3
168
142
103
82
249
170
197
10
149
111
0
45
58
197
70
184
138
87
16
99
11
31
138
177
47
54
217
111
37
56
95
218
47
148
143
184
118
164
134
150
146
216
28
122
161
100
38
70
77
69
82
87
52
210
14
187
133
223
184
166
67
167
105
155
189
221
240
250
105
161
120
75
169
234
155
92
14
119
31
186
208
186
128
61
27
129
88
109
76
3
17
39
235
126
235
181
27
115
113
66
57
19
7
9
63
158
206
1
75
221
201
157
102
95
158
61
71
97
186
179
111
32
16
63
52
210
146
193
2
115
94
184
73
28
233
215
56
247
59
147
225
179
25
74
57
230
77
59
245
85
250
143
16
60
57
38
123
177
148
55
211
197
157
172
239
4
218
91
176
122
47
250
52
137
150
27
235
228
109
112
87
183
131
34
78
120
57
218
82
174
82
95
122
185
15
151
24
205
105
23
97
109
37
11
37
231
226
194
171
123
14
197
224
36
93
114
234
252
110
247
121
249
91
228
9
105
186
46
146
251
146
220
235
164
159
54
240
185
40
189
209
230
228
0
66
184
61
185
227
71
18
55
226
8
189
217
174
184
2
58
213
20
74
92
53
200
74
71
83
121
63
87
195
175
82
10
166
28
42
157
164
195
197
39
5
40
16
138
176
216
53
146
126
27
254
233
102
109
148
0
235
1
103
161
244
255
176
253
156
178
90
162
147
207
195
148
224
252
113
197
106
197
43
154
65
214
19
232
249
136
198
78
176
206
168
238
165
123
26
3
20
28
72
136
89
254
198
120
33
8
135
60
147
228
103
177
221
176
40
114
29
190
192
200
94
