-48299
-16686
-16174
35547
27701
5498
10527
33212
20488
27770
-16039
-8421
6083
-23464
21720
30807
12987
17143
54263
19477
14519
-16910
14882
23351
-2431
27134
-31782
11516
-15704
23620
31746
-28422
-25051
61631
7932
-44017
-40671
-768
-37290
-4665
-8529
34798
13222
-11001
-8617
-28307
49208
-5134
-38966
-9775
-17028
24403
6751
3000
-12392
12813
17252
-41474
28419
-11910
2955
-52046
-20211
22074
-40747
-43372
-3570
16299
-18794
16179
-26205
57369
16505
-10336
-20718
-42129
-2047
36862
-48786
28526
34357
35730
-17161
22197
14505
4229
18147
20307
6286
-1002
-41429
28652
16060
-8228
2253
39323
-35249
-20040
15819
-12863
14378
37303
-12265
-9193
35124
-35265
-33247
-29706
14986
40112
23842
39383
23378
-22700
-2278
-16183
-32492
8584
-2739
20642
28451
-29233
-10972
-35976
-12578
-2791
16416
8829
-1311
2795
36239
-15116
42970
-26967
12860
-45866
-11672
-9980
42481
-20059
5459
-24752
-45923
-46130
-20317
18999
-28438
-13636
-24329
-7410
4463
5912
9777
44494
18671
12521
50038
42204
58266
-7654
-286
-25674
-4249
24193
-41077
864
864
19558
1161
18983
13697
-308
2411
-24087
-17103
39893
6615
-7220
6313
35696
18531
40853
-9656
-9768
28860
-22447
31666
-12627
-29345
-1617
38723
47791
-901
976
13038
-18087
-1487
-22208
-2590
6033
-34746
25165
-46301
-36029
-26943
-10807
23574
20296
3068
56981
22806
13679
-6052
-20755
-43060
-2228
23316
5937
-17310
39352
21660
-9580
39324
38256
-41184
24796
-54227
15828
33630
-16083
-48189
-3436
2636
27681
-793
-19319
14212
-7314
-31966
1204
-329
-27341
-6221
-2831
8584
-18563
31856
9804
4046
-21266
-18570
-13938
-2298
-36717
20324
32401
