-30036
3199
10799
6084
9845
14102
19648
22561
13123
6734
-11525
23458
-2365
2941
-665
22757
9225
-5004
24275
8097
-12011
9561
22258
-7578
14116
-4091
-17833
-13269
-17338
25675
15832
-29052
6744
30386
19852
-14900
-18118
-7639
-15679
-1464
-538
19118
-13785
20458
10327
1893
18606
-1313
-8616
4459
2897
-7027
26277
27891
-15847
22025
-5299
-28113
6216
-10657
-25847
-27058
6036
9710
-30605
-31443
-27696
-8635
4851
21798
-24891
29960
-14338
18229
-30897
-23570
-25169
24249
-30272
24254
15186
31366
-8093
-1730
10200
19605
-847
19720
755
-2525
-31971
1342
17043
18384
-29549
11723
-17522
-25017
-7769
14459
23840
9169
-16447
5375
19721
-23374
-13639
2449
21119
29141
8736
16948
23071
1431
17098
-25828
-14092
-5593
24727
-1731
27299
-15431
-1538
-20557
-21045
17972
11122
15526
-15177
-2874
22556
-18577
25378
4484
10368
-23907
-6016
-31537
26532
-11526
-9163
7709
-26747
-22959
-12762
7346
-29208
-18198
-7436
7663
28945
-7440
-1713
29081
12676
26384
18025
11915
27690
-3281
13754
-9208
14879
7409
-11400
-4127
-12031
26368
30017
12951
-4121
-26262
28585
-28822
-6087
30789
-18141
10929
-20634
10036
27767
11182
15115
-21568
8622
-18981
23634
-9297
-12197
-24319
30592
16428
27022
-12097
19043
7066
-22987
-8932
-13428
-11466
-5511
4600
-16470
-30250
-20396
-4024
18635
8799
-28348
32006
13062
30077
7108
-26081
-15313
10013
29311
-19080
-18444
8851
5251
-22197
29644
32459
-25756
10034
-23372
5364
14312
-16169
-28850
-5612
-23409
-2208
18068
-1659
11491
-16750
-9286
8094
-17641
-22350
10959
-10617
2957
-25535
4469
11452
-18603
10245
-24016
-11980
30001
-23713
9797
18241
