-18263
-19885
-26973
29463
17856
-8604
-9121
10651
7365
21036
-4514
-31879
8448
-26405
22385
8050
3762
22147
29988
11380
26530
-26471
-7376
30929
-16547
31225
-13949
24785
1634
-2055
15914
630
-31795
31245
-11920
-29117
-22553
6871
-21611
-3201
-7991
15680
27007
-31459
-18944
-30200
30602
-3821
-30350
-14234
-19925
31430
-19526
-24891
3455
-9212
22551
-13361
22203
-1253
28802
-24988
-26247
12364
-10142
-11929
24126
24934
-23645
-5619
-1314
27409
30843
-28565
10179
-18559
23122
12613
-18514
4272
19171
4364
-9068
23927
4305
-15376
18994
587
5531
1523
-9458
27310
-983
-26612
31802
27600
-17727
4977
23588
-27322
-9462
28134
4182
-14568
15403
-11891
-19608
-32155
-6133
10971
15106
22435
307
-24131
-19376
9645
-18400
14177
-27466
22373
1152
-13802
-9434
-15419
8467
-20763
5294
-6697
13866
5669
13683
3461
17592
-31451
2492
-21959
-5656
21557
15949
-8533
14622
-32461
-19176
-23171
-7555
11653
770
4562
-16893
-15073
-24482
13352
11490
15413
5995
-13863
32013
30289
30576
-4373
-14040
-16466
-19128
16784
-29677
4991
12895
-6810
-28856
6032
17818
25954
-26174
4735
-11016
9104
24756
-18149
26947
25660
-9236
29671
-24771
11800
20238
-3466
8032
-3330
-17148
22702
8131
31363
-27923
13073
-6005
-25153
21500
-13276
10838
17499
-29235
20565
-29831
-5779
-6547
-6783
4939
11497
31416
24975
9744
-16398
-13160
5326
-27747
-12241
-5995
25017
1134
30501
16409
12617
9680
5797
-15428
14762
-30855
10464
19318
86
-19339
2176
26045
29889
-18861
-17660
2721
9436
-22680
-6890
17312
-4991
-17180
7786
5627
6972
27387
-1648
22649
-31511
5446
-1958
-32299
-13004
10527
14160
